'hexahedron'  8
64  125    8    3   1.0e-7  200
2
100.0  100.0  100.0
100.0  100.0  100.0
1 1 1 1 1 1 1 1 1 1 1 1 1 1 1 1
1 1 1 1 1 1 1 1 1 1 1 1 1 1 1 1
2 2 2 2 2 2 2 2 2 2 2 2 2 2 2 2
2 2 2 2 2 2 2 2 2 2 2 2 2 2 2 2
4.0  4.0  4.0     4.0  3.0  4.0     4.0  2.0  4.0     4.0  1.0  4.0
4.0  0.0  4.0     4.0  4.0  3.0     4.0  3.0  3.0     4.0  2.0  3.0
4.0  1.0  3.0     4.0  0.0  3.0     4.0  4.0  2.0     4.0  3.0  2.0
4.0  2.0  2.0     4.0  1.0  2.0     4.0  0.0  2.0     4.0  4.0  1.0
4.0  3.0  1.0     4.0  2.0  1.0     4.0  1.0  1.0     4.0  0.0  1.0
4.0  4.0  0.0     4.0  3.0  0.0     4.0  2.0  0.0     4.0  1.0  0.0
4.0  0.0  0.0     3.0  4.0  4.0     3.0  3.0  4.0     3.0  2.0  4.0
3.0  1.0  4.0     3.0  0.0  4.0     3.0  4.0  3.0     3.0  3.0  3.0
3.0  2.0  3.0     3.0  1.0  3.0     3.0  0.0  3.0     3.0  4.0  2.0
3.0  3.0  2.0     3.0  2.0  2.0     3.0  1.0  2.0     3.0  0.0  2.0
3.0  4.0  1.0     3.0  3.0  1.0     3.0  2.0  1.0     3.0  1.0  1.0
3.0  0.0  1.0     3.0  4.0  0.0     3.0  3.0  0.0     3.0  2.0  0.0
3.0  1.0  0.0     3.0  0.0  0.0     2.0  4.0  4.0     2.0  3.0  4.0
2.0  2.0  4.0     2.0  1.0  4.0     2.0  0.0  4.0     2.0  4.0  3.0
2.0  3.0  3.0     2.0  2.0  3.0     2.0  1.0  3.0     2.0  0.0  3.0
2.0  4.0  2.0     2.0  3.0  2.0     2.0  2.0  2.0     2.0  1.0  2.0
2.0  0.0  2.0     2.0  4.0  1.0     2.0  3.0  1.0     2.0  2.0  1.0
2.0  1.0  1.0     2.0  0.0  1.0     2.0  4.0  0.0     2.0  3.0  0.0
2.0  2.0  0.0     2.0  1.0  0.0     2.0  0.0  0.0     1.0  4.0  4.0
1.0  3.0  4.0     1.0  2.0  4.0     1.0  1.0  4.0     1.0  0.0  4.0
1.0  4.0  3.0     1.0  3.0  3.0     1.0  2.0  3.0     1.0  1.0  3.0
1.0  0.0  3.0     1.0  4.0  2.0     1.0  3.0  2.0     1.0  2.0  2.0
1.0  1.0  2.0     1.0  0.0  2.0     1.0  4.0  1.0     1.0  3.0  1.0
1.0  2.0  1.0     1.0  1.0  1.0     1.0  0.0  1.0     1.0  4.0  0.0
1.0  3.0  0.0     1.0  2.0  0.0     1.0  1.0  0.0     1.0  0.0  0.0
0.0  4.0  4.0     0.0  3.0  4.0     0.0  2.0  4.0     0.0  1.0  4.0
0.0  0.0  4.0     0.0  4.0  3.0     0.0  3.0  3.0     0.0  2.0  3.0
0.0  1.0  3.0     0.0  0.0  3.0     0.0  4.0  2.0     0.0  3.0  2.0
0.0  2.0  2.0     0.0  1.0  2.0     0.0  0.0  2.0     0.0  4.0  1.0
0.0  3.0  1.0     0.0  2.0  1.0     0.0  1.0  1.0     0.0  0.0  1.0
0.0  4.0  0.0     0.0  3.0  0.0     0.0  2.0  0.0     0.0  1.0  0.0
0.0  0.0  0.0
 26  27  32  31   1   2   7   6      27  28  33  32   2   3   8   7
 28  29  34  33   3   4   9   8      29  30  35  34   4   5  10   9
 31  32  37  36   6   7  12  11      32  33  38  37   7   8  13  12
 33  34  39  38   8   9  14  13      34  35  40  39   9  10  15  14
 36  37  42  41  11  12  17  16      37  38  43  42  12  13  18  17
 38  39  44  43  13  14  19  18      39  40  45  44  14  15  20  19
 41  42  47  46  16  17  22  21      42  43  48  47  17  18  23  22
 43  44  49  48  18  19  24  23      44  45  50  49  19  20  25  24
 51  52  57  56  26  27  32  31      52  53  58  57  27  28  33  32
 53  54  59  58  28  29  34  33      54  55  60  59  29  30  35  34
 56  57  62  61  31  32  37  36      57  58  63  62  32  33  38  37
 58  59  64  63  33  34  39  38      59  60  65  64  34  35  40  39
 61  62  67  66  36  37  42  41      62  63  68  67  37  38  43  42
 63  64  69  68  38  39  44  43      64  65  70  69  39  40  45  44
 66  67  72  71  41  42  47  46      67  68  73  72  42  43  48  47
 68  69  74  73  43  44  49  48      69  70  75  74  44  45  50  49
 76  77  82  81  51  52  57  56      77  78  83  82  52  53  58  57
 78  79  84  83  53  54  59  58      79  80  85  84  54  55  60  59
 81  82  87  86  56  57  62  61      82  83  88  87  57  58  63  62
 83  84  89  88  58  59  64  63      84  85  90  89  59  60  65  64
 86  87  92  91  61  62  67  66      87  88  93  92  62  63  68  67
 88  89  94  93  63  64  69  68      89  90  95  94  64  65  70  69
 91  92  97  96  66  67  72  71      92  93  98  97  67  68  73  72
 93  94  99  98  68  69  74  73      94  95 100  99  69  70  75  74
101 102 107 106  76  77  82  81     102 103 108 107  77  78  83  82
103 104 109 108  78  79  84  83     104 105 110 109  79  80  85  84
106 107 112 111  81  82  87  86     107 108 113 112  82  83  88  87
108 109 114 113  83  84  89  88     109 110 115 114  84  85  90  89
111 112 117 116  86  87  92  91     112 113 118 117  87  88  93  92
113 114 119 118  88  89  94  93     114 115 120 119  89  90  95  94
116 117 122 121  91  92  97  96     117 118 123 122  92  93  98  97
118 119 124 123  93  94  99  98     119 120 125 124  94  95 100  99
25
  1 100.0    2 100.0    3 100.0    4 100.0    5 100.0   26 100.0   27 100.0   28 100.0
 29 100.0   30 100.0   51 100.0   52 100.0   53 100.0   54 100.0   55 100.0   76 100.0
 77 100.0   78 100.0   79 100.0   80 100.0  101 100.0  102 100.0  103 100.0  104 100.0
105 100.0
25
 21 0.0   22 0.0   23 0.0   24 0.0   25 0.0   46 0.0   47 0.0   48 0.0
 49 0.0   50 0.0   71 0.0   72 0.0   73 0.0   74 0.0   75 0.0   96 0.0
 97 0.0   98 0.0   99 0.0  100 0.0  121 0.0  122 0.0  123 0.0  124 0.0
125 0.0
