Square excavation
 2
 2
 1
 2
 0
 1
0.1000E+04
0.0000E+00
   1000
   1000
250.000     0.000  
249.000     0.000  
248.000     0.000  
247.000     0.000 
246.000     0.000  
245.000     0.000 
244.000     0.000  
243.000     0.000  
242.000     0.000  
241.000     0.000  
240.000     0.000  
239.000     0.000  
238.000     0.000  
237.000     0.000  
236.000     0.000  
235.000     0.000  
234.000     0.000  
233.000     0.000  
232.000     0.000 
231.000     0.000  
230.000     0.000  
229.000     0.000  
228.000     0.000  
227.000     0.000
226.000     0.000
225.000     0.000
224.000     0.000
223.000     0.000
222.000     0.000
221.000     0.000
220.000     0.000
219.000     0.000
218.000     0.000
217.000     0.000
216.000     0.000
215.000     0.000
214.000     0.000
213.000     0.000
212.000     0.000
211.000     0.000
210.000     0.000
209.000     0.000
208.000     0.000
207.000     0.000
206.000     0.000
205.000     0.000
204.000     0.000
203.000     0.000
202.000     0.000
201.000     0.000
200.000     0.000
199.000     0.000
198.000     0.000
197.000     0.000
196.000     0.000
195.000     0.000
194.000     0.000
193.000     0.000
192.000     0.000
191.000     0.000
190.000     0.000
189.000     0.000
188.000     0.000
187.000     0.000
186.000     0.000
185.000     0.000
184.000     0.000
183.000     0.000
182.000     0.000
181.000     0.000
180.000     0.000
179.000     0.000
178.000     0.000
177.000     0.000
176.000     0.000 
175.000     0.000 
174.000     0.000 
173.000     0.000 
172.000     0.000 
171.000     0.000 
170.000     0.000 
169.000     0.000 
168.000     0.000 
167.000     0.000 
166.000     0.000 
165.000     0.000 
164.000     0.000 
163.000     0.000 
162.000     0.000 
161.000     0.000 
160.000     0.000 
159.000     0.000 
158.000     0.000 
157.000     0.000 
156.000     0.000 
155.000     0.000 
154.000     0.000 
153.000     0.000 
152.000     0.000 
151.000     0.000 
150.000     0.000 
149.000     0.000 
148.000     0.000 
147.000     0.000 
146.000     0.000 
145.000     0.000 
144.000     0.000 
143.000     0.000 
142.000     0.000 
141.000     0.000 
140.000     0.000 
139.000     0.000 
138.000     0.000 
137.000     0.000 
136.000     0.000 
135.000     0.000 
134.000     0.000 
133.000     0.000 
132.000     0.000 
131.000     0.000 
130.000     0.000 
129.000     0.000 
128.000     0.000 
127.000     0.000 
126.000     0.000 
125.000     0.000 
124.000     0.000 
123.000     0.000 
122.000     0.000 
121.000     0.000 
120.000     0.000 
119.000     0.000 
118.000     0.000 
117.000     0.000 
116.000     0.000 
115.000     0.000 
114.000     0.000 
113.000     0.000 
112.000     0.000 
111.000     0.000 
110.000     0.000 
109.000     0.000 
108.000     0.000 
107.000     0.000 
106.000     0.000 
105.000     0.000 
104.000     0.000 
103.000     0.000 
102.000     0.000 
101.000     0.000 
100.000     0.000 
 99.000     0.000 
 98.000     0.000 
 97.000     0.000 
 96.000     0.000 
 95.000     0.000 
 94.000     0.000 
 93.000     0.000 
 92.000     0.000 
 91.000     0.000 
 90.000     0.000 
 89.000     0.000 
 88.000     0.000 
 87.000     0.000 
 86.000     0.000 
 85.000     0.000 
 84.000     0.000 
 83.000     0.000 
 82.000     0.000 
 81.000     0.000 
 80.000     0.000 
 79.000     0.000 
 78.000     0.000 
 77.000     0.000 
 76.000     0.000 
 75.000     0.000 
 74.000     0.000 
 73.000     0.000 
 72.000     0.000 
 71.000     0.000 
 70.000     0.000 
 69.000     0.000 
 68.000     0.000 
 67.000     0.000 
 66.000     0.000 
 65.000     0.000 
 64.000     0.000 
 63.000     0.000 
 62.000     0.000 
 61.000     0.000 
 60.000     0.000 
 59.000     0.000 
 58.000     0.000 
 57.000     0.000 
 56.000     0.000 
 55.000     0.000 
 54.000     0.000 
 53.000     0.000 
 52.000     0.000 
 51.000     0.000 
 50.000     0.000 
 49.000     0.000 
 48.000     0.000 
 47.000     0.000 
 46.000     0.000 
 45.000     0.000 
 44.000     0.000 
 43.000     0.000 
 42.000     0.000 
 41.000     0.000 
 40.000     0.000 
 39.000     0.000 
 38.000     0.000 
 37.000     0.000 
 36.000     0.000 
 35.000     0.000 
 34.000     0.000 
 33.000     0.000 
 32.000     0.000 
 31.000     0.000 
 30.000     0.000 
 29.000     0.000 
 28.000     0.000 
 27.000     0.000 
 26.000     0.000 
 25.000     0.000 
 24.000     0.000 
 23.000     0.000 
 22.000     0.000 
 21.000     0.000 
 20.000     0.000 
 19.000     0.000 
 18.000     0.000 
 17.000     0.000 
 16.000     0.000 
 15.000     0.000 
 14.000     0.000 
 13.000     0.000 
 12.000     0.000 
 11.000     0.000 
 10.000     0.000 
  9.000     0.000 
  8.000     0.000 
  7.000     0.000 
  6.000     0.000 
  5.000     0.000 
  4.000     0.000 
  3.000     0.000 
  2.000     0.000 
  1.000     0.000 
  0.000     0.000 
  0.000     1.000 
  0.000     2.000 
  0.000     3.000 
  0.000     4.000 
  0.000     5.000 
  0.000     6.000 
  0.000     7.000 
  0.000     8.000 
  0.000     9.000 
  0.000    10.000 
  0.000    11.000 
  0.000    12.000 
  0.000    13.000 
  0.000    14.000 
  0.000    15.000 
  0.000    16.000 
  0.000    17.000 
  0.000    18.000 
  0.000    19.000 
  0.000    20.000 
  0.000    21.000 
  0.000    22.000 
  0.000    23.000 
  0.000    24.000 
  0.000    25.000 
  0.000    26.000 
  0.000    27.000 
  0.000    28.000 
  0.000    29.000 
  0.000    30.000 
  0.000    31.000 
  0.000    32.000 
  0.000    33.000 
  0.000    34.000 
  0.000    35.000 
  0.000    36.000 
  0.000    37.000 
  0.000    38.000 
  0.000    39.000 
  0.000    40.000 
  0.000    41.000 
  0.000    42.000 
  0.000    43.000 
  0.000    44.000 
  0.000    45.000 
  0.000    46.000 
  0.000    47.000 
  0.000    48.000 
  0.000    49.000 
  0.000    50.000 
  0.000    51.000 
  0.000    52.000 
  0.000    53.000 
  0.000    54.000 
  0.000    55.000 
  0.000    56.000 
  0.000    57.000 
  0.000    58.000 
  0.000    59.000 
  0.000    60.000 
  0.000    61.000 
  0.000    62.000 
  0.000    63.000 
  0.000    64.000 
  0.000    65.000 
  0.000    66.000 
  0.000    67.000 
  0.000    68.000 
  0.000    69.000 
  0.000    70.000 
  0.000    71.000 
  0.000    72.000 
  0.000    73.000 
  0.000    74.000 
  0.000    75.000 
  0.000    76.000 
  0.000    77.000 
  0.000    78.000 
  0.000    79.000 
  0.000    80.000 
  0.000    81.000 
  0.000    82.000 
  0.000    83.000 
  0.000    84.000 
  0.000    85.000 
  0.000    86.000 
  0.000    87.000 
  0.000    88.000 
  0.000    89.000 
  0.000    90.000 
  0.000    91.000 
  0.000    92.000 
  0.000    93.000 
  0.000    94.000 
  0.000    95.000 
  0.000    96.000 
  0.000    97.000 
  0.000    98.000 
  0.000    99.000 
  0.000   100.000 
  0.000   101.000 
  0.000   102.000 
  0.000   103.000 
  0.000   104.000 
  0.000   105.000 
  0.000   106.000 
  0.000   107.000 
  0.000   108.000 
  0.000   109.000 
  0.000   110.000 
  0.000   111.000 
  0.000   112.000 
  0.000   113.000 
  0.000   114.000 
  0.000   115.000 
  0.000   116.000 
  0.000   117.000 
  0.000   118.000 
  0.000   119.000 
  0.000   120.000 
  0.000   121.000 
  0.000   122.000 
  0.000   123.000 
  0.000   124.000 
  0.000   125.000 
  0.000   126.000 
  0.000   127.000 
  0.000   128.000 
  0.000   129.000 
  0.000   130.000 
  0.000   131.000 
  0.000   132.000 
  0.000   133.000 
  0.000   134.000 
  0.000   135.000 
  0.000   136.000 
  0.000   137.000 
  0.000   138.000 
  0.000   139.000 
  0.000   140.000 
  0.000   141.000 
  0.000   142.000 
  0.000   143.000 
  0.000   144.000 
  0.000   145.000 
  0.000   146.000 
  0.000   147.000 
  0.000   148.000 
  0.000   149.000 
  0.000   150.000 
  0.000   151.000 
  0.000   152.000 
  0.000   153.000 
  0.000   154.000 
  0.000   155.000 
  0.000   156.000 
  0.000   157.000 
  0.000   158.000 
  0.000   159.000 
  0.000   160.000 
  0.000   161.000 
  0.000   162.000 
  0.000   163.000 
  0.000   164.000 
  0.000   165.000 
  0.000   166.000 
  0.000   167.000 
  0.000   168.000 
  0.000   169.000 
  0.000   170.000 
  0.000   171.000 
  0.000   172.000 
  0.000   173.000 
  0.000   174.000 
  0.000   175.000 
  0.000   176.000 
  0.000   177.000 
  0.000   178.000 
  0.000   179.000 
  0.000   180.000 
  0.000   181.000 
  0.000   182.000 
  0.000   183.000 
  0.000   184.000 
  0.000   185.000 
  0.000   186.000 
  0.000   187.000 
  0.000   188.000 
  0.000   189.000 
  0.000   190.000 
  0.000   191.000 
  0.000   192.000 
  0.000   193.000 
  0.000   194.000 
  0.000   195.000 
  0.000   196.000 
  0.000   197.000 
  0.000   198.000 
  0.000   199.000 
  0.000   200.000 
  0.000   201.000 
  0.000   202.000 
  0.000   203.000 
  0.000   204.000 
  0.000   205.000 
  0.000   206.000 
  0.000   207.000 
  0.000   208.000 
  0.000   209.000 
  0.000   210.000 
  0.000   211.000 
  0.000   212.000 
  0.000   213.000 
  0.000   214.000 
  0.000   215.000 
  0.000   216.000 
  0.000   217.000 
  0.000   218.000 
  0.000   219.000 
  0.000   220.000 
  0.000   221.000 
  0.000   222.000 
  0.000   223.000 
  0.000   224.000 
  0.000   225.000 
  0.000   226.000 
  0.000   227.000 
  0.000   228.000 
  0.000   229.000 
  0.000   230.000 
  0.000   231.000 
  0.000   232.000 
  0.000   233.000 
  0.000   234.000 
  0.000   235.000 
  0.000   236.000 
  0.000   237.000 
  0.000   238.000 
  0.000   239.000 
  0.000   240.000 
  0.000   241.000 
  0.000   242.000 
  0.000   243.000 
  0.000   244.000 
  0.000   245.000 
  0.000   246.000 
  0.000   247.000 
  0.000   248.000 
  0.000   249.000 
  0.000   250.000 
  1.000   250.000 
  2.000   250.000 
  3.000   250.000 
  4.000   250.000 
  5.000   250.000 
  6.000   250.000 
  7.000   250.000 
  8.000   250.000 
  9.000   250.000 
 10.000   250.000 
 11.000   250.000 
 12.000   250.000 
 13.000   250.000 
 14.000   250.000 
 15.000   250.000 
 16.000   250.000 
 17.000   250.000 
 18.000   250.000 
 19.000   250.000 
 20.000   250.000 
 21.000   250.000 
 22.000   250.000 
 23.000   250.000 
 24.000   250.000 
 25.000   250.000 
 26.000   250.000 
 27.000   250.000 
 28.000   250.000 
 29.000   250.000 
 30.000   250.000 
 31.000   250.000 
 32.000   250.000 
 33.000   250.000 
 34.000   250.000 
 35.000   250.000 
 36.000   250.000 
 37.000   250.000 
 38.000   250.000 
 39.000   250.000 
 40.000   250.000 
 41.000   250.000 
 42.000   250.000 
 43.000   250.000 
 44.000   250.000 
 45.000   250.000 
 46.000   250.000 
 47.000   250.000 
 48.000   250.000 
 49.000   250.000 
 50.000   250.000 
 51.000   250.000 
 52.000   250.000 
 53.000   250.000 
 54.000   250.000 
 55.000   250.000 
 56.000   250.000 
 57.000   250.000 
 58.000   250.000 
 59.000   250.000 
 60.000   250.000 
 61.000   250.000 
 62.000   250.000 
 63.000   250.000 
 64.000   250.000 
 65.000   250.000 
 66.000   250.000 
 67.000   250.000 
 68.000   250.000 
 69.000   250.000 
 70.000   250.000 
 71.000   250.000 
 72.000   250.000 
 73.000   250.000 
 74.000   250.000 
 75.000   250.000 
 76.000   250.000 
 77.000   250.000 
 78.000   250.000 
 79.000   250.000 
 80.000   250.000 
 81.000   250.000 
 82.000   250.000 
 83.000   250.000 
 84.000   250.000 
 85.000   250.000 
 86.000   250.000 
 87.000   250.000 
 88.000   250.000 
 89.000   250.000 
 90.000   250.000 
 91.000   250.000 
 92.000   250.000 
 93.000   250.000 
 94.000   250.000 
 95.000   250.000 
 96.000   250.000 
 97.000   250.000 
 98.000   250.000 
 99.000   250.000 
100.000   250.000 
101.000   250.000 
102.000   250.000 
103.000   250.000 
104.000   250.000 
105.000   250.000 
106.000   250.000 
107.000   250.000 
108.000   250.000 
109.000   250.000 
110.000   250.000 
111.000   250.000 
112.000   250.000 
113.000   250.000 
114.000   250.000 
115.000   250.000 
116.000   250.000 
117.000   250.000 
118.000   250.000 
119.000   250.000 
120.000   250.000 
121.000   250.000 
122.000   250.000 
123.000   250.000 
124.000   250.000 
125.000   250.000 
126.000   250.000 
127.000   250.000 
128.000   250.000 
129.000   250.000 
130.000   250.000 
131.000   250.000 
132.000   250.000 
133.000   250.000 
134.000   250.000 
135.000   250.000 
136.000   250.000 
137.000   250.000 
138.000   250.000 
139.000   250.000 
140.000   250.000 
141.000   250.000 
142.000   250.000 
143.000   250.000 
144.000   250.000 
145.000   250.000 
146.000   250.000 
147.000   250.000 
148.000   250.000 
149.000   250.000 
150.000   250.000 
151.000   250.000 
152.000   250.000 
153.000   250.000 
154.000   250.000 
155.000   250.000 
156.000   250.000 
157.000   250.000 
158.000   250.000 
159.000   250.000 
160.000   250.000 
161.000   250.000 
162.000   250.000 
163.000   250.000 
164.000   250.000 
165.000   250.000 
166.000   250.000 
167.000   250.000 
168.000   250.000 
169.000   250.000 
170.000   250.000 
171.000   250.000 
172.000   250.000 
173.000   250.000 
174.000   250.000 
175.000   250.000 
176.000   250.000 
177.000   250.000 
178.000   250.000 
179.000   250.000 
180.000   250.000 
181.000   250.000 
182.000   250.000 
183.000   250.000 
184.000   250.000 
185.000   250.000 
186.000   250.000 
187.000   250.000 
188.000   250.000 
189.000   250.000 
190.000   250.000 
191.000   250.000 
192.000   250.000 
193.000   250.000 
194.000   250.000 
195.000   250.000 
196.000   250.000 
197.000   250.000 
198.000   250.000 
199.000   250.000 
200.000   250.000 
201.000   250.000 
202.000   250.000 
203.000   250.000 
204.000   250.000 
205.000   250.000 
206.000   250.000 
207.000   250.000 
208.000   250.000 
209.000   250.000 
210.000   250.000 
211.000   250.000 
212.000   250.000 
213.000   250.000 
214.000   250.000 
215.000   250.000 
216.000   250.000 
217.000   250.000 
218.000   250.000 
219.000   250.000 
220.000   250.000 
221.000   250.000 
222.000   250.000 
223.000   250.000 
224.000   250.000 
225.000   250.000 
226.000   250.000 
227.000   250.000 
228.000   250.000 
229.000   250.000 
230.000   250.000 
231.000   250.000 
232.000   250.000 
233.000   250.000 
234.000   250.000 
235.000   250.000 
236.000   250.000 
237.000   250.000 
238.000   250.000 
239.000   250.000 
240.000   250.000 
241.000   250.000 
242.000   250.000 
243.000   250.000 
244.000   250.000 
245.000   250.000 
246.000   250.000 
247.000   250.000 
248.000   250.000 
249.000   250.000 
250.000   250.000 
250.000   249.000 
250.000   248.000 
250.000   247.000 
250.000   246.000 
250.000   245.000 
250.000   244.000 
250.000   243.000 
250.000   242.000 
250.000   241.000 
250.000   240.000 
250.000   239.000 
250.000   238.000 
250.000   237.000 
250.000   236.000 
250.000   235.000 
250.000   234.000 
250.000   233.000 
250.000   232.000 
250.000   231.000 
250.000   230.000 
250.000   229.000 
250.000   228.000 
250.000   227.000 
250.000   226.000 
250.000   225.000 
250.000   224.000 
250.000   223.000 
250.000   222.000 
250.000   221.000 
250.000   220.000 
250.000   219.000 
250.000   218.000 
250.000   217.000 
250.000   216.000 
250.000   215.000 
250.000   214.000 
250.000   213.000 
250.000   212.000 
250.000   211.000 
250.000   210.000 
250.000   209.000 
250.000   208.000 
250.000   207.000 
250.000   206.000 
250.000   205.000 
250.000   204.000 
250.000   203.000 
250.000   202.000 
250.000   201.000 
250.000   200.000 
250.000   199.000 
250.000   198.000 
250.000   197.000 
250.000   196.000 
250.000   195.000 
250.000   194.000 
250.000   193.000 
250.000   192.000 
250.000   191.000 
250.000   190.000 
250.000   189.000 
250.000   188.000 
250.000   187.000 
250.000   186.000 
250.000   185.000 
250.000   184.000 
250.000   183.000 
250.000   182.000 
250.000   181.000 
250.000   180.000 
250.000   179.000 
250.000   178.000 
250.000   177.000 
250.000   176.000 
250.000   175.000 
250.000   174.000 
250.000   173.000 
250.000   172.000 
250.000   171.000 
250.000   170.000 
250.000   169.000 
250.000   168.000 
250.000   167.000 
250.000   166.000 
250.000   165.000 
250.000   164.000 
250.000   163.000 
250.000   162.000 
250.000   161.000 
250.000   160.000 
250.000   159.000 
250.000   158.000 
250.000   157.000 
250.000   156.000 
250.000   155.000 
250.000   154.000 
250.000   153.000 
250.000   152.000 
250.000   151.000 
250.000   150.000 
250.000   149.000 
250.000   148.000 
250.000   147.000 
250.000   146.000 
250.000   145.000 
250.000   144.000 
250.000   143.000 
250.000   142.000 
250.000   141.000 
250.000   140.000 
250.000   139.000 
250.000   138.000 
250.000   137.000 
250.000   136.000 
250.000   135.000 
250.000   134.000 
250.000   133.000 
250.000   132.000 
250.000   131.000 
250.000   130.000 
250.000   129.000 
250.000   128.000 
250.000   127.000 
250.000   126.000 
250.000   125.000 
250.000   124.000 
250.000   123.000 
250.000   122.000 
250.000   121.000 
250.000   120.000 
250.000   119.000 
250.000   118.000 
250.000   117.000 
250.000   116.000 
250.000   115.000 
250.000   114.000 
250.000   113.000 
250.000   112.000 
250.000   111.000 
250.000   110.000 
250.000   109.000 
250.000   108.000 
250.000   107.000 
250.000   106.000 
250.000   105.000 
250.000   104.000 
250.000   103.000 
250.000   102.000 
250.000   101.000 
250.000   100.000 
250.000    99.000 
250.000    98.000 
250.000    97.000 
250.000    96.000 
250.000    95.000 
250.000    94.000 
250.000    93.000 
250.000    92.000 
250.000    91.000 
250.000    90.000 
250.000    89.000 
250.000    88.000 
250.000    87.000 
250.000    86.000 
250.000    85.000 
250.000    84.000 
250.000    83.000 
250.000    82.000 
250.000    81.000 
250.000    80.000 
250.000    79.000 
250.000    78.000 
250.000    77.000 
250.000    76.000 
250.000    75.000 
250.000    74.000 
250.000    73.000 
250.000    72.000 
250.000    71.000 
250.000    70.000 
250.000    69.000 
250.000    68.000 
250.000    67.000 
250.000    66.000 
250.000    65.000 
250.000    64.000 
250.000    63.000 
250.000    62.000 
250.000    61.000 
250.000    60.000 
250.000    59.000 
250.000    58.000 
250.000    57.000 
250.000    56.000 
250.000    55.000 
250.000    54.000 
250.000    53.000 
250.000    52.000 
250.000    51.000 
250.000    50.000 
250.000    49.000 
250.000    48.000 
250.000    47.000 
250.000    46.000 
250.000    45.000 
250.000    44.000 
250.000    43.000 
250.000    42.000 
250.000    41.000 
250.000    40.000 
250.000    39.000 
250.000    38.000 
250.000    37.000 
250.000    36.000 
250.000    35.000 
250.000    34.000 
250.000    33.000 
250.000    32.000 
250.000    31.000 
250.000    30.000 
250.000    29.000 
250.000    28.000 
250.000    27.000 
250.000    26.000 
250.000    25.000 
250.000    24.000 
250.000    23.000 
250.000    22.000 
250.000    21.000 
250.000    20.000 
250.000    19.000 
250.000    18.000 
250.000    17.000 
250.000    16.000 
250.000    15.000 
250.000    14.000 
250.000    13.000 
250.000    12.000 
250.000    11.000 
250.000    10.000 
250.000     9.000 
250.000     8.000 
250.000     7.000 
250.000     6.000 
250.000     5.000 
250.000     4.000 
250.000     3.000 
250.000     2.000 
250.000     1.000
    1    2
    2    3            
    3    4            
    4    5            
    5    6            
    6    7            
    7    8            
    8    9            
    9   10            
   10   11            
   11   12            
   12   13            
   13   14            
   14   15            
   15   16            
   16   17            
   17   18            
   18   19            
   19   20            
   20   21            
   21   22            
   22   23            
   23   24            
   24   25
   25   26
   26   27
   27   28
   28   29
   29   30
   30   31
   31   32
   32   33
   33   34
   34   35
   35   36
   36   37
   37   38
   38   39
   39   40
   40   41
   41   42
   42   43
   43   44
   44   45
   45   46
   46   47
   47   48
   48   49
   49   50
   50   51
   51   52
   52   53
   53   54
   54   55
   55   56
   56   57
   57   58
   58   59
   59   60
   60   61
   61   62
   62   63
   63   64
   64   65
   65   66
   66   67
   67   68
   68   69
   69   70
   70   71
   71   72
   72   73
   73   74
   74   75
   75   76
   76   77
   77   78
   78   79
   79   80
   80   81
   81   82
   82   83
   83   84
   84   85
   85   86
   86   87
   87   88
   88   89
   89   90
   90   91
   91   92
   92   93
   93   94
   94   95
   95   96
   96   97
   97   98
   98   99
   99  100
  100  101
  101  102
  102  103
  103  104
  104  105
  105  106
  106  107
  107  108
  108  109
  109  110
  110  111
  111  112
  112  113
  113  114
  114  115
  115  116
  116  117
  117  118
  118  119
  119  120
  120  121
  121  122
  122  123
  123  124
  124  125
  125  126
  126  127
  127  128
  128  129
  129  130
  130  131
  131  132
  132  133
  133  134
  134  135
  135  136
  136  137
  137  138
  138  139
  139  140
  140  141
  141  142
  142  143
  143  144
  144  145
  145  146
  146  147
  147  148
  148  149
  149  150
  150  151
  151  152
  152  153
  153  154
  154  155
  155  156
  156  157
  157  158
  158  159
  159  160
  160  161
  161  162
  162  163
  163  164
  164  165
  165  166
  166  167
  167  168
  168  169
  169  170
  170  171
  171  172
  172  173
  173  174
  174  175
  175  176
  176  177
  177  178
  178  179
  179  180
  180  181
  181  182
  182  183
  183  184
  184  185
  185  186
  186  187
  187  188
  188  189
  189  190
  190  191
  191  192
  192  193
  193  194
  194  195
  195  196
  196  197
  197  198
  198  199
  199  200
  200  201
  201  202
  202  203
  203  204
  204  205
  205  206
  206  207
  207  208
  208  209
  209  210
  210  211
  211  212
  212  213
  213  214
  214  215
  215  216
  216  217
  217  218
  218  219
  219  220
  220  221
  221  222
  222  223
  223  224
  224  225
  225  226
  226  227
  227  228
  228  229
  229  230
  230  231
  231  232
  232  233
  233  234
  234  235
  235  236
  236  237
  237  238
  238  239
  239  240
  240  241
  241  242
  242  243
  243  244
  244  245
  245  246
  246  247
  247  248
  248  249
  249  250
  250  251
  251  252
  252  253
  253  254
  254  255
  255  256
  256  257
  257  258
  258  259
  259  260
  260  261
  261  262
  262  263
  263  264
  264  265
  265  266
  266  267
  267  268
  268  269
  269  270
  270  271
  271  272
  272  273
  273  274
  274  275
  275  276
  276  277
  277  278
  278  279
  279  280
  280  281
  281  282
  282  283
  283  284
  284  285
  285  286
  286  287
  287  288
  288  289
  289  290
  290  291
  291  292
  292  293
  293  294
  294  295
  295  296
  296  297
  297  298
  298  299
  299  300
  300  301
  301  302
  302  303
  303  304
  304  305
  305  306
  306  307
  307  308
  308  309
  309  310
  310  311
  311  312
  312  313
  313  314
  314  315
  315  316
  316  317
  317  318
  318  319
  319  320
  320  321
  321  322
  322  323
  323  324
  324  325
  325  326
  326  327
  327  328
  328  329
  329  330
  330  331
  331  332
  332  333
  333  334
  334  335
  335  336
  336  337
  337  338
  338  339
  339  340
  340  341
  341  342
  342  343
  343  344
  344  345
  345  346
  346  347
  347  348
  348  349
  349  350
  350  351
  351  352
  352  353
  353  354
  354  355
  355  356
  356  357
  357  358
  358  359
  359  360
  360  361
  361  362
  362  363
  363  364
  364  365
  365  366
  366  367
  367  368
  368  369
  369  370
  370  371
  371  372
  372  373
  373  374
  374  375
  375  376
  376  377
  377  378
  378  379
  379  380
  380  381
  381  382
  382  383
  383  384
  384  385
  385  386
  386  387
  387  388
  388  389
  389  390
  390  391
  391  392
  392  393
  393  394
  394  395
  395  396
  396  397
  397  398
  398  399
  399  400
  400  401
  401  402
  402  403
  403  404
  404  405
  405  406
  406  407
  407  408
  408  409
  409  410
  410  411
  411  412
  412  413
  413  414
  414  415
  415  416
  416  417
  417  418
  418  419
  419  420
  420  421
  421  422
  422  423
  423  424
  424  425
  425  426
  426  427
  427  428
  428  429
  429  430
  430  431
  431  432
  432  433
  433  434
  434  435
  435  436
  436  437
  437  438
  438  439
  439  440
  440  441
  441  442
  442  443
  443  444
  444  445
  445  446
  446  447
  447  448
  448  449
  449  450
  450  451
  451  452
  452  453
  453  454
  454  455
  455  456
  456  457
  457  458
  458  459
  459  460
  460  461
  461  462
  462  463
  463  464
  464  465
  465  466
  466  467
  467  468
  468  469
  469  470
  470  471
  471  472
  472  473
  473  474
  474  475
  475  476
  476  477
  477  478
  478  479
  479  480
  480  481
  481  482
  482  483
  483  484
  484  485
  485  486
  486  487
  487  488
  488  489
  489  490
  490  491
  491  492
  492  493
  493  494
  494  495
  495  496
  496  497
  497  498
  498  499
  499  500
  500  501
  501  502
  502  503
  503  504
  504  505
  505  506
  506  507
  507  508
  508  509
  509  510
  510  511
  511  512
  512  513
  513  514
  514  515
  515  516
  516  517
  517  518
  518  519
  519  520
  520  521
  521  522
  522  523
  523  524
  524  525
  525  526
  526  527
  527  528
  528  529
  529  530
  530  531
  531  532
  532  533
  533  534
  534  535
  535  536
  536  537
  537  538
  538  539
  539  540
  540  541
  541  542
  542  543
  543  544
  544  545
  545  546
  546  547
  547  548
  548  549
  549  550
  550  551
  551  552
  552  553
  553  554
  554  555
  555  556
  556  557
  557  558
  558  559
  559  560
  560  561
  561  562
  562  563
  563  564
  564  565
  565  566
  566  567
  567  568
  568  569
  569  570
  570  571
  571  572
  572  573
  573  574
  574  575
  575  576
  576  577
  577  578
  578  579
  579  580
  580  581
  581  582
  582  583
  583  584
  584  585
  585  586
  586  587
  587  588
  588  589
  589  590
  590  591
  591  592
  592  593
  593  594
  594  595
  595  596
  596  597
  597  598
  598  599
  599  600
  600  601
  601  602
  602  603
  603  604
  604  605
  605  606
  606  607
  607  608
  608  609
  609  610
  610  611
  611  612
  612  613
  613  614
  614  615
  615  616
  616  617
  617  618
  618  619
  619  620
  620  621
  621  622
  622  623
  623  624
  624  625
  625  626
  626  627
  627  628
  628  629
  629  630
  630  631
  631  632
  632  633
  633  634
  634  635
  635  636
  636  637
  637  638
  638  639
  639  640
  640  641
  641  642
  642  643
  643  644
  644  645
  645  646
  646  647
  647  648
  648  649
  649  650
  650  651
  651  652
  652  653
  653  654
  654  655
  655  656
  656  657
  657  658
  658  659
  659  660
  660  661
  661  662
  662  663
  663  664
  664  665
  665  666
  666  667
  667  668
  668  669
  669  670
  670  671
  671  672
  672  673
  673  674
  674  675
  675  676
  676  677
  677  678
  678  679
  679  680
  680  681
  681  682
  682  683
  683  684
  684  685
  685  686
  686  687
  687  688
  688  689
  689  690
  690  691
  691  692
  692  693
  693  694
  694  695
  695  696
  696  697
  697  698
  698  699
  699  700
  700  701
  701  702
  702  703
  703  704
  704  705
  705  706
  706  707
  707  708
  708  709
  709  710
  710  711
  711  712
  712  713
  713  714
  714  715
  715  716
  716  717
  717  718
  718  719
  719  720
  720  721
  721  722
  722  723
  723  724
  724  725
  725  726
  726  727
  727  728
  728  729
  729  730
  730  731
  731  732
  732  733
  733  734
  734  735
  735  736
  736  737
  737  738
  738  739
  739  740
  740  741
  741  742
  742  743
  743  744
  744  745
  745  746
  746  747
  747  748
  748  749
  749  750
  750  751
  751  752
  752  753
  753  754
  754  755
  755  756
  756  757
  757  758
  758  759
  759  760
  760  761
  761  762
  762  763
  763  764
  764  765
  765  766
  766  767
  767  768
  768  769
  769  770
  770  771
  771  772
  772  773
  773  774
  774  775
  775  776
  776  777
  777  778
  778  779
  779  780
  780  781
  781  782
  782  783
  783  784
  784  785
  785  786
  786  787
  787  788
  788  789
  789  790
  790  791
  791  792
  792  793
  793  794
  794  795
  795  796
  796  797
  797  798
  798  799
  799  800
  800  801
  801  802
  802  803
  803  804
  804  805
  805  806
  806  807
  807  808
  808  809
  809  810
  810  811
  811  812
  812  813
  813  814
  814  815
  815  816
  816  817
  817  818
  818  819
  819  820
  820  821
  821  822
  822  823
  823  824
  824  825
  825  826
  826  827
  827  828
  828  829
  829  830
  830  831
  831  832
  832  833
  833  834
  834  835
  835  836
  836  837
  837  838
  838  839
  839  840
  840  841
  841  842
  842  843
  843  844
  844  845
  845  846
  846  847
  847  848
  848  849
  849  850
  850  851
  851  852
  852  853
  853  854
  854  855
  855  856
  856  857
  857  858
  858  859
  859  860
  860  861
  861  862
  862  863
  863  864
  864  865
  865  866
  866  867
  867  868
  868  869
  869  870
  870  871
  871  872
  872  873
  873  874
  874  875
  875  876
  876  877
  877  878
  878  879
  879  880
  880  881
  881  882
  882  883
  883  884
  884  885
  885  886
  886  887
  887  888
  888  889
  889  890
  890  891
  891  892
  892  893
  893  894
  894  895
  895  896
  896  897
  897  898
  898  899
  899  900
  900  901
  901  902
  902  903
  903  904
  904  905
  905  906
  906  907
  907  908
  908  909
  909  910
  910  911
  911  912
  912  913
  913  914
  914  915
  915  916
  916  917
  917  918
  918  919
  919  920
  920  921
  921  922
  922  923
  923  924
  924  925
  925  926
  926  927
  927  928
  928  929
  929  930
  930  931
  931  932
  932  933
  933  934
  934  935
  935  936
  936  937
  937  938
  938  939
  939  940
  940  941
  941  942
  942  943
  943  944
  944  945
  945  946
  946  947
  947  948
  948  949
  949  950
  950  951
  951  952
  952  953
  953  954
  954  955
  955  956
  956  957
  957  958
  958  959
  959  960
  960  961
  961  962
  962  963
  963  964
  964  965
  965  966
  966  967
  967  968
  968  969
  969  970
  970  971
  971  972
  972  973
  973  974
  974  975
  975  976
  976  977
  977  978
  978  979
  979  980
  980  981
  981  982
  982  983
  983  984
  984  985
  985  986
  986  987
  987  988
  988  989
  989  990
  990  991
  991  992
  992  993
  993  994
  994  995
  995  996
  996  997
  997  998
  998  999
  999 1000
 1000    1
    0
    1000                     
 1 0.0 10.0 0.0 10.0
 2 0.0 10.0 0.0 10.0
 3 0.0 10.0 0.0 10.0
 4 0.0 10.0 0.0 10.0
 5 0.0 10.0 0.0 10.0
 6 0.0 10.0 0.0 10.0
 7 0.0 10.0 0.0 10.0
 8 0.0 10.0 0.0 10.0
 9 0.0 10.0 0.0 10.0
10 0.0 10.0 0.0 10.0
11 0.0 10.0 0.0 10.0
12 0.0 10.0 0.0 10.0
13 0.0 10.0 0.0 10.0
14 0.0 10.0 0.0 10.0
15 0.0 10.0 0.0 10.0
16 0.0 10.0 0.0 10.0
17 0.0 10.0 0.0 10.0
18 0.0 10.0 0.0 10.0
19 0.0 10.0 0.0 10.0
20 0.0 10.0 0.0 10.0
21 0.0 10.0 0.0 10.0
22 0.0 10.0 0.0 10.0
23 0.0 10.0 0.0 10.0
24 0.0 10.0 0.0 10.0
25 0.0 10.0 0.0 10.0
26 0.0 10.0 0.0 10.0
27 0.0 10.0 0.0 10.0
28 0.0 10.0 0.0 10.0
29 0.0 10.0 0.0 10.0
30 0.0 10.0 0.0 10.0
31 0.0 10.0 0.0 10.0
32 0.0 10.0 0.0 10.0
33 0.0 10.0 0.0 10.0
34 0.0 10.0 0.0 10.0
35 0.0 10.0 0.0 10.0
36 0.0 10.0 0.0 10.0
37 0.0 10.0 0.0 10.0
38 0.0 10.0 0.0 10.0
39 0.0 10.0 0.0 10.0
40 0.0 10.0 0.0 10.0
41 0.0 10.0 0.0 10.0
42 0.0 10.0 0.0 10.0
43 0.0 10.0 0.0 10.0
44 0.0 10.0 0.0 10.0
45 0.0 10.0 0.0 10.0
46 0.0 10.0 0.0 10.0
47 0.0 10.0 0.0 10.0
48 0.0 10.0 0.0 10.0
49 0.0 10.0 0.0 10.0
50 0.0 10.0 0.0 10.0
51 0.0 10.0 0.0 10.0
52 0.0 10.0 0.0 10.0
53 0.0 10.0 0.0 10.0
54 0.0 10.0 0.0 10.0
55 0.0 10.0 0.0 10.0
56 0.0 10.0 0.0 10.0
57 0.0 10.0 0.0 10.0
58 0.0 10.0 0.0 10.0
59 0.0 10.0 0.0 10.0
60 0.0 10.0 0.0 10.0
61 0.0 10.0 0.0 10.0
62 0.0 10.0 0.0 10.0
63 0.0 10.0 0.0 10.0
64 0.0 10.0 0.0 10.0
65 0.0 10.0 0.0 10.0
66 0.0 10.0 0.0 10.0
67 0.0 10.0 0.0 10.0
68 0.0 10.0 0.0 10.0
69 0.0 10.0 0.0 10.0
70 0.0 10.0 0.0 10.0
71 0.0 10.0 0.0 10.0
72 0.0 10.0 0.0 10.0
73 0.0 10.0 0.0 10.0
74 0.0 10.0 0.0 10.0
75 0.0 10.0 0.0 10.0
76 0.0 10.0 0.0 10.0
77 0.0 10.0 0.0 10.0
78 0.0 10.0 0.0 10.0
79 0.0 10.0 0.0 10.0
80 0.0 10.0 0.0 10.0
81 0.0 10.0 0.0 10.0
82 0.0 10.0 0.0 10.0
83 0.0 10.0 0.0 10.0
84 0.0 10.0 0.0 10.0
85 0.0 10.0 0.0 10.0
86 0.0 10.0 0.0 10.0
87 0.0 10.0 0.0 10.0
88 0.0 10.0 0.0 10.0
89 0.0 10.0 0.0 10.0
90 0.0 10.0 0.0 10.0
91 0.0 10.0 0.0 10.0
92 0.0 10.0 0.0 10.0
93 0.0 10.0 0.0 10.0
94 0.0 10.0 0.0 10.0
95 0.0 10.0 0.0 10.0
96 0.0 10.0 0.0 10.0
97 0.0 10.0 0.0 10.0
98 0.0 10.0 0.0 10.0
99 0.0 10.0 0.0 10.0
100 0.0 10.0 0.0 10.0
101 0.0 10.0 0.0 10.0
102 0.0 10.0 0.0 10.0
103 0.0 10.0 0.0 10.0
104 0.0 10.0 0.0 10.0
105 0.0 10.0 0.0 10.0
106 0.0 10.0 0.0 10.0
107 0.0 10.0 0.0 10.0
108 0.0 10.0 0.0 10.0
109 0.0 10.0 0.0 10.0
110 0.0 10.0 0.0 10.0
111 0.0 10.0 0.0 10.0
112 0.0 10.0 0.0 10.0
113 0.0 10.0 0.0 10.0
114 0.0 10.0 0.0 10.0
115 0.0 10.0 0.0 10.0
116 0.0 10.0 0.0 10.0
117 0.0 10.0 0.0 10.0
118 0.0 10.0 0.0 10.0
119 0.0 10.0 0.0 10.0
120 0.0 10.0 0.0 10.0
121 0.0 10.0 0.0 10.0
122 0.0 10.0 0.0 10.0
123 0.0 10.0 0.0 10.0
124 0.0 10.0 0.0 10.0
125 0.0 10.0 0.0 10.0
126 0.0 10.0 0.0 10.0
127 0.0 10.0 0.0 10.0
128 0.0 10.0 0.0 10.0
129 0.0 10.0 0.0 10.0
130 0.0 10.0 0.0 10.0
131 0.0 10.0 0.0 10.0
132 0.0 10.0 0.0 10.0
133 0.0 10.0 0.0 10.0
134 0.0 10.0 0.0 10.0
135 0.0 10.0 0.0 10.0
136 0.0 10.0 0.0 10.0
137 0.0 10.0 0.0 10.0
138 0.0 10.0 0.0 10.0
139 0.0 10.0 0.0 10.0
140 0.0 10.0 0.0 10.0
141 0.0 10.0 0.0 10.0
142 0.0 10.0 0.0 10.0
143 0.0 10.0 0.0 10.0
144 0.0 10.0 0.0 10.0
145 0.0 10.0 0.0 10.0
146 0.0 10.0 0.0 10.0
147 0.0 10.0 0.0 10.0
148 0.0 10.0 0.0 10.0
149 0.0 10.0 0.0 10.0
150 0.0 10.0 0.0 10.0
151 0.0 10.0 0.0 10.0
152 0.0 10.0 0.0 10.0
153 0.0 10.0 0.0 10.0
154 0.0 10.0 0.0 10.0
155 0.0 10.0 0.0 10.0
156 0.0 10.0 0.0 10.0
157 0.0 10.0 0.0 10.0
158 0.0 10.0 0.0 10.0
159 0.0 10.0 0.0 10.0
160 0.0 10.0 0.0 10.0
161 0.0 10.0 0.0 10.0
162 0.0 10.0 0.0 10.0
163 0.0 10.0 0.0 10.0
164 0.0 10.0 0.0 10.0
165 0.0 10.0 0.0 10.0
166 0.0 10.0 0.0 10.0
167 0.0 10.0 0.0 10.0
168 0.0 10.0 0.0 10.0
169 0.0 10.0 0.0 10.0
170 0.0 10.0 0.0 10.0
171 0.0 10.0 0.0 10.0
172 0.0 10.0 0.0 10.0
173 0.0 10.0 0.0 10.0
174 0.0 10.0 0.0 10.0
175 0.0 10.0 0.0 10.0
176 0.0 10.0 0.0 10.0
177 0.0 10.0 0.0 10.0
178 0.0 10.0 0.0 10.0
179 0.0 10.0 0.0 10.0
180 0.0 10.0 0.0 10.0
181 0.0 10.0 0.0 10.0
182 0.0 10.0 0.0 10.0
183 0.0 10.0 0.0 10.0
184 0.0 10.0 0.0 10.0
185 0.0 10.0 0.0 10.0
186 0.0 10.0 0.0 10.0
187 0.0 10.0 0.0 10.0
188 0.0 10.0 0.0 10.0
189 0.0 10.0 0.0 10.0
190 0.0 10.0 0.0 10.0
191 0.0 10.0 0.0 10.0
192 0.0 10.0 0.0 10.0
193 0.0 10.0 0.0 10.0
194 0.0 10.0 0.0 10.0
195 0.0 10.0 0.0 10.0
196 0.0 10.0 0.0 10.0
197 0.0 10.0 0.0 10.0
198 0.0 10.0 0.0 10.0
199 0.0 10.0 0.0 10.0
200 0.0 10.0 0.0 10.0
201 0.0 10.0 0.0 10.0
202 0.0 10.0 0.0 10.0
203 0.0 10.0 0.0 10.0
204 0.0 10.0 0.0 10.0
205 0.0 10.0 0.0 10.0
206 0.0 10.0 0.0 10.0
207 0.0 10.0 0.0 10.0
208 0.0 10.0 0.0 10.0
209 0.0 10.0 0.0 10.0
210 0.0 10.0 0.0 10.0
211 0.0 10.0 0.0 10.0
212 0.0 10.0 0.0 10.0
213 0.0 10.0 0.0 10.0
214 0.0 10.0 0.0 10.0
215 0.0 10.0 0.0 10.0
216 0.0 10.0 0.0 10.0
217 0.0 10.0 0.0 10.0
218 0.0 10.0 0.0 10.0
219 0.0 10.0 0.0 10.0
220 0.0 10.0 0.0 10.0
221 0.0 10.0 0.0 10.0
222 0.0 10.0 0.0 10.0
223 0.0 10.0 0.0 10.0
224 0.0 10.0 0.0 10.0
225 0.0 10.0 0.0 10.0
226 0.0 10.0 0.0 10.0
227 0.0 10.0 0.0 10.0
228 0.0 10.0 0.0 10.0
229 0.0 10.0 0.0 10.0
230 0.0 10.0 0.0 10.0
231 0.0 10.0 0.0 10.0
232 0.0 10.0 0.0 10.0
233 0.0 10.0 0.0 10.0
234 0.0 10.0 0.0 10.0
235 0.0 10.0 0.0 10.0
236 0.0 10.0 0.0 10.0
237 0.0 10.0 0.0 10.0
238 0.0 10.0 0.0 10.0
239 0.0 10.0 0.0 10.0
240 0.0 10.0 0.0 10.0
241 0.0 10.0 0.0 10.0
242 0.0 10.0 0.0 10.0
243 0.0 10.0 0.0 10.0
244 0.0 10.0 0.0 10.0
245 0.0 10.0 0.0 10.0
246 0.0 10.0 0.0 10.0
247 0.0 10.0 0.0 10.0
248 0.0 10.0 0.0 10.0
249 0.0 10.0 0.0 10.0
250 0.0 10.0 0.0 10.0
251 10.0 0.0 10.0 0.0
252 10.0 0.0 10.0 0.0
253 10.0 0.0 10.0 0.0
254 10.0 0.0 10.0 0.0
255 10.0 0.0 10.0 0.0
256 10.0 0.0 10.0 0.0
257 10.0 0.0 10.0 0.0
258 10.0 0.0 10.0 0.0
259 10.0 0.0 10.0 0.0
260 10.0 0.0 10.0 0.0
261 10.0 0.0 10.0 0.0
262 10.0 0.0 10.0 0.0
263 10.0 0.0 10.0 0.0
264 10.0 0.0 10.0 0.0
265 10.0 0.0 10.0 0.0
266 10.0 0.0 10.0 0.0
267 10.0 0.0 10.0 0.0
268 10.0 0.0 10.0 0.0
269 10.0 0.0 10.0 0.0
270 10.0 0.0 10.0 0.0
271 10.0 0.0 10.0 0.0
272 10.0 0.0 10.0 0.0
273 10.0 0.0 10.0 0.0
274 10.0 0.0 10.0 0.0
275 10.0 0.0 10.0 0.0
276 10.0 0.0 10.0 0.0
277 10.0 0.0 10.0 0.0
278 10.0 0.0 10.0 0.0
279 10.0 0.0 10.0 0.0
280 10.0 0.0 10.0 0.0
281 10.0 0.0 10.0 0.0
282 10.0 0.0 10.0 0.0
283 10.0 0.0 10.0 0.0
284 10.0 0.0 10.0 0.0
285 10.0 0.0 10.0 0.0
286 10.0 0.0 10.0 0.0
287 10.0 0.0 10.0 0.0
288 10.0 0.0 10.0 0.0
289 10.0 0.0 10.0 0.0
290 10.0 0.0 10.0 0.0
291 10.0 0.0 10.0 0.0
292 10.0 0.0 10.0 0.0
293 10.0 0.0 10.0 0.0
294 10.0 0.0 10.0 0.0
295 10.0 0.0 10.0 0.0
296 10.0 0.0 10.0 0.0
297 10.0 0.0 10.0 0.0
298 10.0 0.0 10.0 0.0
299 10.0 0.0 10.0 0.0
300 10.0 0.0 10.0 0.0
301 10.0 0.0 10.0 0.0
302 10.0 0.0 10.0 0.0
303 10.0 0.0 10.0 0.0
304 10.0 0.0 10.0 0.0
305 10.0 0.0 10.0 0.0
306 10.0 0.0 10.0 0.0
307 10.0 0.0 10.0 0.0
308 10.0 0.0 10.0 0.0
309 10.0 0.0 10.0 0.0
310 10.0 0.0 10.0 0.0
311 10.0 0.0 10.0 0.0
312 10.0 0.0 10.0 0.0
313 10.0 0.0 10.0 0.0
314 10.0 0.0 10.0 0.0
315 10.0 0.0 10.0 0.0
316 10.0 0.0 10.0 0.0
317 10.0 0.0 10.0 0.0
318 10.0 0.0 10.0 0.0
319 10.0 0.0 10.0 0.0
320 10.0 0.0 10.0 0.0
321 10.0 0.0 10.0 0.0
322 10.0 0.0 10.0 0.0
323 10.0 0.0 10.0 0.0
324 10.0 0.0 10.0 0.0
325 10.0 0.0 10.0 0.0
326 10.0 0.0 10.0 0.0
327 10.0 0.0 10.0 0.0
328 10.0 0.0 10.0 0.0
329 10.0 0.0 10.0 0.0
330 10.0 0.0 10.0 0.0
331 10.0 0.0 10.0 0.0
332 10.0 0.0 10.0 0.0
333 10.0 0.0 10.0 0.0
334 10.0 0.0 10.0 0.0
335 10.0 0.0 10.0 0.0
336 10.0 0.0 10.0 0.0
337 10.0 0.0 10.0 0.0
338 10.0 0.0 10.0 0.0
339 10.0 0.0 10.0 0.0
340 10.0 0.0 10.0 0.0
341 10.0 0.0 10.0 0.0
342 10.0 0.0 10.0 0.0
343 10.0 0.0 10.0 0.0
344 10.0 0.0 10.0 0.0
345 10.0 0.0 10.0 0.0
346 10.0 0.0 10.0 0.0
347 10.0 0.0 10.0 0.0
348 10.0 0.0 10.0 0.0
349 10.0 0.0 10.0 0.0
350 10.0 0.0 10.0 0.0
351 10.0 0.0 10.0 0.0
352 10.0 0.0 10.0 0.0
353 10.0 0.0 10.0 0.0
354 10.0 0.0 10.0 0.0
355 10.0 0.0 10.0 0.0
356 10.0 0.0 10.0 0.0
357 10.0 0.0 10.0 0.0
358 10.0 0.0 10.0 0.0
359 10.0 0.0 10.0 0.0
360 10.0 0.0 10.0 0.0
361 10.0 0.0 10.0 0.0
362 10.0 0.0 10.0 0.0
363 10.0 0.0 10.0 0.0
364 10.0 0.0 10.0 0.0
365 10.0 0.0 10.0 0.0
366 10.0 0.0 10.0 0.0
367 10.0 0.0 10.0 0.0
368 10.0 0.0 10.0 0.0
369 10.0 0.0 10.0 0.0
370 10.0 0.0 10.0 0.0
371 10.0 0.0 10.0 0.0
372 10.0 0.0 10.0 0.0
373 10.0 0.0 10.0 0.0
374 10.0 0.0 10.0 0.0
375 10.0 0.0 10.0 0.0
376 10.0 0.0 10.0 0.0
377 10.0 0.0 10.0 0.0
378 10.0 0.0 10.0 0.0
379 10.0 0.0 10.0 0.0
380 10.0 0.0 10.0 0.0
381 10.0 0.0 10.0 0.0
382 10.0 0.0 10.0 0.0
383 10.0 0.0 10.0 0.0
384 10.0 0.0 10.0 0.0
385 10.0 0.0 10.0 0.0
386 10.0 0.0 10.0 0.0
387 10.0 0.0 10.0 0.0
388 10.0 0.0 10.0 0.0
389 10.0 0.0 10.0 0.0
390 10.0 0.0 10.0 0.0
391 10.0 0.0 10.0 0.0
392 10.0 0.0 10.0 0.0
393 10.0 0.0 10.0 0.0
394 10.0 0.0 10.0 0.0
395 10.0 0.0 10.0 0.0
396 10.0 0.0 10.0 0.0
397 10.0 0.0 10.0 0.0
398 10.0 0.0 10.0 0.0
399 10.0 0.0 10.0 0.0
400 10.0 0.0 10.0 0.0
401 10.0 0.0 10.0 0.0
402 10.0 0.0 10.0 0.0
403 10.0 0.0 10.0 0.0
404 10.0 0.0 10.0 0.0
405 10.0 0.0 10.0 0.0
406 10.0 0.0 10.0 0.0
407 10.0 0.0 10.0 0.0
408 10.0 0.0 10.0 0.0
409 10.0 0.0 10.0 0.0
410 10.0 0.0 10.0 0.0
411 10.0 0.0 10.0 0.0
412 10.0 0.0 10.0 0.0
413 10.0 0.0 10.0 0.0
414 10.0 0.0 10.0 0.0
415 10.0 0.0 10.0 0.0
416 10.0 0.0 10.0 0.0
417 10.0 0.0 10.0 0.0
418 10.0 0.0 10.0 0.0
419 10.0 0.0 10.0 0.0
420 10.0 0.0 10.0 0.0
421 10.0 0.0 10.0 0.0
422 10.0 0.0 10.0 0.0
423 10.0 0.0 10.0 0.0
424 10.0 0.0 10.0 0.0
425 10.0 0.0 10.0 0.0
426 10.0 0.0 10.0 0.0
427 10.0 0.0 10.0 0.0
428 10.0 0.0 10.0 0.0
429 10.0 0.0 10.0 0.0
430 10.0 0.0 10.0 0.0
431 10.0 0.0 10.0 0.0
432 10.0 0.0 10.0 0.0
433 10.0 0.0 10.0 0.0
434 10.0 0.0 10.0 0.0
435 10.0 0.0 10.0 0.0
436 10.0 0.0 10.0 0.0
437 10.0 0.0 10.0 0.0
438 10.0 0.0 10.0 0.0
439 10.0 0.0 10.0 0.0
440 10.0 0.0 10.0 0.0
441 10.0 0.0 10.0 0.0
442 10.0 0.0 10.0 0.0
443 10.0 0.0 10.0 0.0
444 10.0 0.0 10.0 0.0
445 10.0 0.0 10.0 0.0
446 10.0 0.0 10.0 0.0
447 10.0 0.0 10.0 0.0
448 10.0 0.0 10.0 0.0
449 10.0 0.0 10.0 0.0
450 10.0 0.0 10.0 0.0
451 10.0 0.0 10.0 0.0
452 10.0 0.0 10.0 0.0
453 10.0 0.0 10.0 0.0
454 10.0 0.0 10.0 0.0
455 10.0 0.0 10.0 0.0
456 10.0 0.0 10.0 0.0
457 10.0 0.0 10.0 0.0
458 10.0 0.0 10.0 0.0
459 10.0 0.0 10.0 0.0
460 10.0 0.0 10.0 0.0
461 10.0 0.0 10.0 0.0
462 10.0 0.0 10.0 0.0
463 10.0 0.0 10.0 0.0
464 10.0 0.0 10.0 0.0
465 10.0 0.0 10.0 0.0
466 10.0 0.0 10.0 0.0
467 10.0 0.0 10.0 0.0
468 10.0 0.0 10.0 0.0
469 10.0 0.0 10.0 0.0
470 10.0 0.0 10.0 0.0
471 10.0 0.0 10.0 0.0
472 10.0 0.0 10.0 0.0
473 10.0 0.0 10.0 0.0
474 10.0 0.0 10.0 0.0
475 10.0 0.0 10.0 0.0
476 10.0 0.0 10.0 0.0
477 10.0 0.0 10.0 0.0
478 10.0 0.0 10.0 0.0
479 10.0 0.0 10.0 0.0
480 10.0 0.0 10.0 0.0
481 10.0 0.0 10.0 0.0
482 10.0 0.0 10.0 0.0
483 10.0 0.0 10.0 0.0
484 10.0 0.0 10.0 0.0
485 10.0 0.0 10.0 0.0
486 10.0 0.0 10.0 0.0
487 10.0 0.0 10.0 0.0
488 10.0 0.0 10.0 0.0
489 10.0 0.0 10.0 0.0
490 10.0 0.0 10.0 0.0
491 10.0 0.0 10.0 0.0
492 10.0 0.0 10.0 0.0
493 10.0 0.0 10.0 0.0
494 10.0 0.0 10.0 0.0
495 10.0 0.0 10.0 0.0
496 10.0 0.0 10.0 0.0
497 10.0 0.0 10.0 0.0
498 10.0 0.0 10.0 0.0
499 10.0 0.0 10.0 0.0
500 10.0 0.0 10.0 0.0
501 0.0 -10.0 0.0 -10.0
502 0.0 -10.0 0.0 -10.0
503 0.0 -10.0 0.0 -10.0
504 0.0 -10.0 0.0 -10.0
505 0.0 -10.0 0.0 -10.0
506 0.0 -10.0 0.0 -10.0
507 0.0 -10.0 0.0 -10.0
508 0.0 -10.0 0.0 -10.0
509 0.0 -10.0 0.0 -10.0
510 0.0 -10.0 0.0 -10.0
511 0.0 -10.0 0.0 -10.0
512 0.0 -10.0 0.0 -10.0
513 0.0 -10.0 0.0 -10.0
514 0.0 -10.0 0.0 -10.0
515 0.0 -10.0 0.0 -10.0
516 0.0 -10.0 0.0 -10.0
517 0.0 -10.0 0.0 -10.0
518 0.0 -10.0 0.0 -10.0
519 0.0 -10.0 0.0 -10.0
520 0.0 -10.0 0.0 -10.0
521 0.0 -10.0 0.0 -10.0
522 0.0 -10.0 0.0 -10.0
523 0.0 -10.0 0.0 -10.0
524 0.0 -10.0 0.0 -10.0
525 0.0 -10.0 0.0 -10.0
526 0.0 -10.0 0.0 -10.0
527 0.0 -10.0 0.0 -10.0
528 0.0 -10.0 0.0 -10.0
529 0.0 -10.0 0.0 -10.0
530 0.0 -10.0 0.0 -10.0
531 0.0 -10.0 0.0 -10.0
532 0.0 -10.0 0.0 -10.0
533 0.0 -10.0 0.0 -10.0
534 0.0 -10.0 0.0 -10.0
535 0.0 -10.0 0.0 -10.0
536 0.0 -10.0 0.0 -10.0
537 0.0 -10.0 0.0 -10.0
538 0.0 -10.0 0.0 -10.0
539 0.0 -10.0 0.0 -10.0
540 0.0 -10.0 0.0 -10.0
541 0.0 -10.0 0.0 -10.0
542 0.0 -10.0 0.0 -10.0
543 0.0 -10.0 0.0 -10.0
544 0.0 -10.0 0.0 -10.0
545 0.0 -10.0 0.0 -10.0
546 0.0 -10.0 0.0 -10.0
547 0.0 -10.0 0.0 -10.0
548 0.0 -10.0 0.0 -10.0
549 0.0 -10.0 0.0 -10.0
550 0.0 -10.0 0.0 -10.0
551 0.0 -10.0 0.0 -10.0 
552 0.0 -10.0 0.0 -10.0 
553 0.0 -10.0 0.0 -10.0 
554 0.0 -10.0 0.0 -10.0 
555 0.0 -10.0 0.0 -10.0 
556 0.0 -10.0 0.0 -10.0 
557 0.0 -10.0 0.0 -10.0 
558 0.0 -10.0 0.0 -10.0 
559 0.0 -10.0 0.0 -10.0 
560 0.0 -10.0 0.0 -10.0 
561 0.0 -10.0 0.0 -10.0 
562 0.0 -10.0 0.0 -10.0 
563 0.0 -10.0 0.0 -10.0 
564 0.0 -10.0 0.0 -10.0 
565 0.0 -10.0 0.0 -10.0 
566 0.0 -10.0 0.0 -10.0 
567 0.0 -10.0 0.0 -10.0 
568 0.0 -10.0 0.0 -10.0 
569 0.0 -10.0 0.0 -10.0 
570 0.0 -10.0 0.0 -10.0 
571 0.0 -10.0 0.0 -10.0 
572 0.0 -10.0 0.0 -10.0 
573 0.0 -10.0 0.0 -10.0 
574 0.0 -10.0 0.0 -10.0 
575 0.0 -10.0 0.0 -10.0 
576 0.0 -10.0 0.0 -10.0 
577 0.0 -10.0 0.0 -10.0 
578 0.0 -10.0 0.0 -10.0 
579 0.0 -10.0 0.0 -10.0 
580 0.0 -10.0 0.0 -10.0 
581 0.0 -10.0 0.0 -10.0 
582 0.0 -10.0 0.0 -10.0 
583 0.0 -10.0 0.0 -10.0 
584 0.0 -10.0 0.0 -10.0 
585 0.0 -10.0 0.0 -10.0 
586 0.0 -10.0 0.0 -10.0 
587 0.0 -10.0 0.0 -10.0 
588 0.0 -10.0 0.0 -10.0 
589 0.0 -10.0 0.0 -10.0 
590 0.0 -10.0 0.0 -10.0 
591 0.0 -10.0 0.0 -10.0 
592 0.0 -10.0 0.0 -10.0 
593 0.0 -10.0 0.0 -10.0 
594 0.0 -10.0 0.0 -10.0 
595 0.0 -10.0 0.0 -10.0 
596 0.0 -10.0 0.0 -10.0 
597 0.0 -10.0 0.0 -10.0 
598 0.0 -10.0 0.0 -10.0 
599 0.0 -10.0 0.0 -10.0
600 0.0 -10.0 0.0 -10.0
601 0.0 -10.0 0.0 -10.0
602 0.0 -10.0 0.0 -10.0
603 0.0 -10.0 0.0 -10.0
604 0.0 -10.0 0.0 -10.0
605 0.0 -10.0 0.0 -10.0
606 0.0 -10.0 0.0 -10.0
607 0.0 -10.0 0.0 -10.0
608 0.0 -10.0 0.0 -10.0
609 0.0 -10.0 0.0 -10.0
610 0.0 -10.0 0.0 -10.0
611 0.0 -10.0 0.0 -10.0
612 0.0 -10.0 0.0 -10.0
613 0.0 -10.0 0.0 -10.0
614 0.0 -10.0 0.0 -10.0
615 0.0 -10.0 0.0 -10.0
616 0.0 -10.0 0.0 -10.0
617 0.0 -10.0 0.0 -10.0
618 0.0 -10.0 0.0 -10.0
619 0.0 -10.0 0.0 -10.0
620 0.0 -10.0 0.0 -10.0
621 0.0 -10.0 0.0 -10.0
622 0.0 -10.0 0.0 -10.0
623 0.0 -10.0 0.0 -10.0
624 0.0 -10.0 0.0 -10.0
625 0.0 -10.0 0.0 -10.0
626 0.0 -10.0 0.0 -10.0
627 0.0 -10.0 0.0 -10.0
628 0.0 -10.0 0.0 -10.0
629 0.0 -10.0 0.0 -10.0
630 0.0 -10.0 0.0 -10.0
631 0.0 -10.0 0.0 -10.0
632 0.0 -10.0 0.0 -10.0
633 0.0 -10.0 0.0 -10.0
634 0.0 -10.0 0.0 -10.0
635 0.0 -10.0 0.0 -10.0
636 0.0 -10.0 0.0 -10.0
637 0.0 -10.0 0.0 -10.0
638 0.0 -10.0 0.0 -10.0
639 0.0 -10.0 0.0 -10.0
640 0.0 -10.0 0.0 -10.0
641 0.0 -10.0 0.0 -10.0
642 0.0 -10.0 0.0 -10.0
643 0.0 -10.0 0.0 -10.0
644 0.0 -10.0 0.0 -10.0
645 0.0 -10.0 0.0 -10.0
646 0.0 -10.0 0.0 -10.0
647 0.0 -10.0 0.0 -10.0
648 0.0 -10.0 0.0 -10.0
649 0.0 -10.0 0.0 -10.0
650 0.0 -10.0 0.0 -10.0
651 0.0 -10.0 0.0 -10.0
652 0.0 -10.0 0.0 -10.0
653 0.0 -10.0 0.0 -10.0
654 0.0 -10.0 0.0 -10.0
655 0.0 -10.0 0.0 -10.0
656 0.0 -10.0 0.0 -10.0
657 0.0 -10.0 0.0 -10.0
658 0.0 -10.0 0.0 -10.0
659 0.0 -10.0 0.0 -10.0
660 0.0 -10.0 0.0 -10.0
661 0.0 -10.0 0.0 -10.0
662 0.0 -10.0 0.0 -10.0
663 0.0 -10.0 0.0 -10.0
664 0.0 -10.0 0.0 -10.0
665 0.0 -10.0 0.0 -10.0
666 0.0 -10.0 0.0 -10.0
667 0.0 -10.0 0.0 -10.0
668 0.0 -10.0 0.0 -10.0
669 0.0 -10.0 0.0 -10.0
670 0.0 -10.0 0.0 -10.0
671 0.0 -10.0 0.0 -10.0
672 0.0 -10.0 0.0 -10.0
673 0.0 -10.0 0.0 -10.0
674 0.0 -10.0 0.0 -10.0
675 0.0 -10.0 0.0 -10.0
676 0.0 -10.0 0.0 -10.0
677 0.0 -10.0 0.0 -10.0
678 0.0 -10.0 0.0 -10.0
679 0.0 -10.0 0.0 -10.0
680 0.0 -10.0 0.0 -10.0
681 0.0 -10.0 0.0 -10.0
682 0.0 -10.0 0.0 -10.0
683 0.0 -10.0 0.0 -10.0
684 0.0 -10.0 0.0 -10.0
685 0.0 -10.0 0.0 -10.0
686 0.0 -10.0 0.0 -10.0
687 0.0 -10.0 0.0 -10.0
688 0.0 -10.0 0.0 -10.0
689 0.0 -10.0 0.0 -10.0
690 0.0 -10.0 0.0 -10.0
691 0.0 -10.0 0.0 -10.0
692 0.0 -10.0 0.0 -10.0
693 0.0 -10.0 0.0 -10.0
694 0.0 -10.0 0.0 -10.0
695 0.0 -10.0 0.0 -10.0
696 0.0 -10.0 0.0 -10.0
697 0.0 -10.0 0.0 -10.0
698 0.0 -10.0 0.0 -10.0
699 0.0 -10.0 0.0 -10.0
700 0.0 -10.0 0.0 -10.0
701 0.0 -10.0 0.0 -10.0
702 0.0 -10.0 0.0 -10.0
703 0.0 -10.0 0.0 -10.0
704 0.0 -10.0 0.0 -10.0
705 0.0 -10.0 0.0 -10.0
706 0.0 -10.0 0.0 -10.0
707 0.0 -10.0 0.0 -10.0
708 0.0 -10.0 0.0 -10.0
709 0.0 -10.0 0.0 -10.0
710 0.0 -10.0 0.0 -10.0
711 0.0 -10.0 0.0 -10.0
712 0.0 -10.0 0.0 -10.0
713 0.0 -10.0 0.0 -10.0
714 0.0 -10.0 0.0 -10.0
715 0.0 -10.0 0.0 -10.0
716 0.0 -10.0 0.0 -10.0
717 0.0 -10.0 0.0 -10.0
718 0.0 -10.0 0.0 -10.0
719 0.0 -10.0 0.0 -10.0
720 0.0 -10.0 0.0 -10.0
721 0.0 -10.0 0.0 -10.0
722 0.0 -10.0 0.0 -10.0
723 0.0 -10.0 0.0 -10.0
724 0.0 -10.0 0.0 -10.0
725 0.0 -10.0 0.0 -10.0
726 0.0 -10.0 0.0 -10.0
727 0.0 -10.0 0.0 -10.0
728 0.0 -10.0 0.0 -10.0
729 0.0 -10.0 0.0 -10.0
730 0.0 -10.0 0.0 -10.0
731 0.0 -10.0 0.0 -10.0
732 0.0 -10.0 0.0 -10.0
733 0.0 -10.0 0.0 -10.0
734 0.0 -10.0 0.0 -10.0
735 0.0 -10.0 0.0 -10.0
736 0.0 -10.0 0.0 -10.0
737 0.0 -10.0 0.0 -10.0
738 0.0 -10.0 0.0 -10.0
739 0.0 -10.0 0.0 -10.0
740 0.0 -10.0 0.0 -10.0
741 0.0 -10.0 0.0 -10.0
742 0.0 -10.0 0.0 -10.0
743 0.0 -10.0 0.0 -10.0
744 0.0 -10.0 0.0 -10.0
745 0.0 -10.0 0.0 -10.0
746 0.0 -10.0 0.0 -10.0
747 0.0 -10.0 0.0 -10.0
748 0.0 -10.0 0.0 -10.0
749 0.0 -10.0 0.0 -10.0
750 0.0 -10.0 0.0 -10.0
751 -10.0 0.0 -10.0 0.0
752 -10.0 0.0 -10.0 0.0
753 -10.0 0.0 -10.0 0.0
754 -10.0 0.0 -10.0 0.0
755 -10.0 0.0 -10.0 0.0
756 -10.0 0.0 -10.0 0.0
757 -10.0 0.0 -10.0 0.0
758 -10.0 0.0 -10.0 0.0
759 -10.0 0.0 -10.0 0.0
760 -10.0 0.0 -10.0 0.0
761 -10.0 0.0 -10.0 0.0
762 -10.0 0.0 -10.0 0.0
763 -10.0 0.0 -10.0 0.0
764 -10.0 0.0 -10.0 0.0
765 -10.0 0.0 -10.0 0.0
766 -10.0 0.0 -10.0 0.0
767 -10.0 0.0 -10.0 0.0
768 -10.0 0.0 -10.0 0.0
769 -10.0 0.0 -10.0 0.0
770 -10.0 0.0 -10.0 0.0
771 -10.0 0.0 -10.0 0.0
772 -10.0 0.0 -10.0 0.0
773 -10.0 0.0 -10.0 0.0
774 -10.0 0.0 -10.0 0.0
775 -10.0 0.0 -10.0 0.0
776 -10.0 0.0 -10.0 0.0
777 -10.0 0.0 -10.0 0.0
778 -10.0 0.0 -10.0 0.0
779 -10.0 0.0 -10.0 0.0
780 -10.0 0.0 -10.0 0.0
781 -10.0 0.0 -10.0 0.0
782 -10.0 0.0 -10.0 0.0
783 -10.0 0.0 -10.0 0.0
784 -10.0 0.0 -10.0 0.0
785 -10.0 0.0 -10.0 0.0
786 -10.0 0.0 -10.0 0.0
787 -10.0 0.0 -10.0 0.0
788 -10.0 0.0 -10.0 0.0
789 -10.0 0.0 -10.0 0.0
790 -10.0 0.0 -10.0 0.0
791 -10.0 0.0 -10.0 0.0
792 -10.0 0.0 -10.0 0.0
793 -10.0 0.0 -10.0 0.0
794 -10.0 0.0 -10.0 0.0
795 -10.0 0.0 -10.0 0.0
796 -10.0 0.0 -10.0 0.0
797 -10.0 0.0 -10.0 0.0
798 -10.0 0.0 -10.0 0.0
799 -10.0 0.0 -10.0 0.0
800 -10.0 0.0 -10.0 0.0
801 -10.0 0.0 -10.0 0.0
802 -10.0 0.0 -10.0 0.0
803 -10.0 0.0 -10.0 0.0
804 -10.0 0.0 -10.0 0.0
805 -10.0 0.0 -10.0 0.0
806 -10.0 0.0 -10.0 0.0
807 -10.0 0.0 -10.0 0.0
808 -10.0 0.0 -10.0 0.0
809 -10.0 0.0 -10.0 0.0
810 -10.0 0.0 -10.0 0.0
811 -10.0 0.0 -10.0 0.0
812 -10.0 0.0 -10.0 0.0
813 -10.0 0.0 -10.0 0.0
814 -10.0 0.0 -10.0 0.0
815 -10.0 0.0 -10.0 0.0
816 -10.0 0.0 -10.0 0.0
817 -10.0 0.0 -10.0 0.0
818 -10.0 0.0 -10.0 0.0
819 -10.0 0.0 -10.0 0.0
820 -10.0 0.0 -10.0 0.0
821 -10.0 0.0 -10.0 0.0
822 -10.0 0.0 -10.0 0.0
823 -10.0 0.0 -10.0 0.0
824 -10.0 0.0 -10.0 0.0
825 -10.0 0.0 -10.0 0.0
826 -10.0 0.0 -10.0 0.0
827 -10.0 0.0 -10.0 0.0
828 -10.0 0.0 -10.0 0.0
829 -10.0 0.0 -10.0 0.0
830 -10.0 0.0 -10.0 0.0
831 -10.0 0.0 -10.0 0.0
832 -10.0 0.0 -10.0 0.0
833 -10.0 0.0 -10.0 0.0
834 -10.0 0.0 -10.0 0.0
835 -10.0 0.0 -10.0 0.0
836 -10.0 0.0 -10.0 0.0
837 -10.0 0.0 -10.0 0.0
838 -10.0 0.0 -10.0 0.0
839 -10.0 0.0 -10.0 0.0
840 -10.0 0.0 -10.0 0.0
841 -10.0 0.0 -10.0 0.0
842 -10.0 0.0 -10.0 0.0
843 -10.0 0.0 -10.0 0.0
844 -10.0 0.0 -10.0 0.0
845 -10.0 0.0 -10.0 0.0
846 -10.0 0.0 -10.0 0.0
847 -10.0 0.0 -10.0 0.0
848 -10.0 0.0 -10.0 0.0
849 -10.0 0.0 -10.0 0.0
850 -10.0 0.0 -10.0 0.0
851 -10.0 0.0 -10.0 0.0
852 -10.0 0.0 -10.0 0.0
853 -10.0 0.0 -10.0 0.0
854 -10.0 0.0 -10.0 0.0
855 -10.0 0.0 -10.0 0.0
856 -10.0 0.0 -10.0 0.0
857 -10.0 0.0 -10.0 0.0
858 -10.0 0.0 -10.0 0.0
859 -10.0 0.0 -10.0 0.0
860 -10.0 0.0 -10.0 0.0
861 -10.0 0.0 -10.0 0.0
862 -10.0 0.0 -10.0 0.0
863 -10.0 0.0 -10.0 0.0
864 -10.0 0.0 -10.0 0.0
865 -10.0 0.0 -10.0 0.0
866 -10.0 0.0 -10.0 0.0
867 -10.0 0.0 -10.0 0.0
868 -10.0 0.0 -10.0 0.0
869 -10.0 0.0 -10.0 0.0
870 -10.0 0.0 -10.0 0.0
871 -10.0 0.0 -10.0 0.0
872 -10.0 0.0 -10.0 0.0
873 -10.0 0.0 -10.0 0.0
874 -10.0 0.0 -10.0 0.0
875 -10.0 0.0 -10.0 0.0
876 -10.0 0.0 -10.0 0.0
877 -10.0 0.0 -10.0 0.0
878 -10.0 0.0 -10.0 0.0
879 -10.0 0.0 -10.0 0.0
880 -10.0 0.0 -10.0 0.0
881 -10.0 0.0 -10.0 0.0
882 -10.0 0.0 -10.0 0.0
883 -10.0 0.0 -10.0 0.0
884 -10.0 0.0 -10.0 0.0
885 -10.0 0.0 -10.0 0.0
886 -10.0 0.0 -10.0 0.0
887 -10.0 0.0 -10.0 0.0
888 -10.0 0.0 -10.0 0.0
889 -10.0 0.0 -10.0 0.0
890 -10.0 0.0 -10.0 0.0
891 -10.0 0.0 -10.0 0.0
892 -10.0 0.0 -10.0 0.0
893 -10.0 0.0 -10.0 0.0
894 -10.0 0.0 -10.0 0.0
895 -10.0 0.0 -10.0 0.0
896 -10.0 0.0 -10.0 0.0
897 -10.0 0.0 -10.0 0.0
898 -10.0 0.0 -10.0 0.0
899 -10.0 0.0 -10.0 0.0
900 -10.0 0.0 -10.0 0.0
901 -10.0 0.0 -10.0 0.0
902 -10.0 0.0 -10.0 0.0
903 -10.0 0.0 -10.0 0.0
904 -10.0 0.0 -10.0 0.0
905 -10.0 0.0 -10.0 0.0
906 -10.0 0.0 -10.0 0.0
907 -10.0 0.0 -10.0 0.0
908 -10.0 0.0 -10.0 0.0
909 -10.0 0.0 -10.0 0.0
910 -10.0 0.0 -10.0 0.0
911 -10.0 0.0 -10.0 0.0
912 -10.0 0.0 -10.0 0.0
913 -10.0 0.0 -10.0 0.0
914 -10.0 0.0 -10.0 0.0
915 -10.0 0.0 -10.0 0.0
916 -10.0 0.0 -10.0 0.0
917 -10.0 0.0 -10.0 0.0
918 -10.0 0.0 -10.0 0.0
919 -10.0 0.0 -10.0 0.0
920 -10.0 0.0 -10.0 0.0
921 -10.0 0.0 -10.0 0.0
922 -10.0 0.0 -10.0 0.0
923 -10.0 0.0 -10.0 0.0
924 -10.0 0.0 -10.0 0.0
925 -10.0 0.0 -10.0 0.0
926 -10.0 0.0 -10.0 0.0
927 -10.0 0.0 -10.0 0.0
928 -10.0 0.0 -10.0 0.0
929 -10.0 0.0 -10.0 0.0
930 -10.0 0.0 -10.0 0.0
931 -10.0 0.0 -10.0 0.0
932 -10.0 0.0 -10.0 0.0
933 -10.0 0.0 -10.0 0.0
934 -10.0 0.0 -10.0 0.0
935 -10.0 0.0 -10.0 0.0
936 -10.0 0.0 -10.0 0.0
937 -10.0 0.0 -10.0 0.0
938 -10.0 0.0 -10.0 0.0
939 -10.0 0.0 -10.0 0.0
940 -10.0 0.0 -10.0 0.0
941 -10.0 0.0 -10.0 0.0
942 -10.0 0.0 -10.0 0.0
943 -10.0 0.0 -10.0 0.0
944 -10.0 0.0 -10.0 0.0
945 -10.0 0.0 -10.0 0.0
946 -10.0 0.0 -10.0 0.0
947 -10.0 0.0 -10.0 0.0
948 -10.0 0.0 -10.0 0.0
949 -10.0 0.0 -10.0 0.0
950 -10.0 0.0 -10.0 0.0
951 -10.0 0.0 -10.0 0.0
952 -10.0 0.0 -10.0 0.0
953 -10.0 0.0 -10.0 0.0
954 -10.0 0.0 -10.0 0.0
955 -10.0 0.0 -10.0 0.0
956 -10.0 0.0 -10.0 0.0
957 -10.0 0.0 -10.0 0.0
958 -10.0 0.0 -10.0 0.0
959 -10.0 0.0 -10.0 0.0
960 -10.0 0.0 -10.0 0.0
961 -10.0 0.0 -10.0 0.0
962 -10.0 0.0 -10.0 0.0
963 -10.0 0.0 -10.0 0.0
964 -10.0 0.0 -10.0 0.0
965 -10.0 0.0 -10.0 0.0
966 -10.0 0.0 -10.0 0.0
967 -10.0 0.0 -10.0 0.0
968 -10.0 0.0 -10.0 0.0
969 -10.0 0.0 -10.0 0.0
970 -10.0 0.0 -10.0 0.0
971 -10.0 0.0 -10.0 0.0
972 -10.0 0.0 -10.0 0.0
973 -10.0 0.0 -10.0 0.0
974 -10.0 0.0 -10.0 0.0
975 -10.0 0.0 -10.0 0.0
976 -10.0 0.0 -10.0 0.0
977 -10.0 0.0 -10.0 0.0
978 -10.0 0.0 -10.0 0.0
979 -10.0 0.0 -10.0 0.0
980 -10.0 0.0 -10.0 0.0
981 -10.0 0.0 -10.0 0.0
982 -10.0 0.0 -10.0 0.0
983 -10.0 0.0 -10.0 0.0
984 -10.0 0.0 -10.0 0.0
985 -10.0 0.0 -10.0 0.0
986 -10.0 0.0 -10.0 0.0
987 -10.0 0.0 -10.0 0.0
988 -10.0 0.0 -10.0 0.0
989 -10.0 0.0 -10.0 0.0
990 -10.0 0.0 -10.0 0.0
991 -10.0 0.0 -10.0 0.0
992 -10.0 0.0 -10.0 0.0
993 -10.0 0.0 -10.0 0.0
994 -10.0 0.0 -10.0 0.0
995 -10.0 0.0 -10.0 0.0
996 -10.0 0.0 -10.0 0.0
997 -10.0 0.0 -10.0 0.0
998 -10.0 0.0 -10.0 0.0
999 -10.0 0.0 -10.0 0.0
1000 -10.0 0.0 -10.0 0.0  
1.e-9  50  4  .7  

