    0
    600
 1  0.0 0.0 10.0 0.0 0.0 10.0 0.0 0.0 10.0 0.0 0.0 10.0
 2  0.0 0.0 10.0 0.0 0.0 10.0 0.0 0.0 10.0 0.0 0.0 10.0
 3  0.0 0.0 10.0 0.0 0.0 10.0 0.0 0.0 10.0 0.0 0.0 10.0
 4  0.0 0.0 10.0 0.0 0.0 10.0 0.0 0.0 10.0 0.0 0.0 10.0
 5  0.0 0.0 10.0 0.0 0.0 10.0 0.0 0.0 10.0 0.0 0.0 10.0
 6  0.0 0.0 10.0 0.0 0.0 10.0 0.0 0.0 10.0 0.0 0.0 10.0
 7  0.0 0.0 10.0 0.0 0.0 10.0 0.0 0.0 10.0 0.0 0.0 10.0
 8  0.0 0.0 10.0 0.0 0.0 10.0 0.0 0.0 10.0 0.0 0.0 10.0
 9  0.0 0.0 10.0 0.0 0.0 10.0 0.0 0.0 10.0 0.0 0.0 10.0
10  0.0 0.0 10.0 0.0 0.0 10.0 0.0 0.0 10.0 0.0 0.0 10.0
11  0.0 0.0 10.0 0.0 0.0 10.0 0.0 0.0 10.0 0.0 0.0 10.0
12  0.0 0.0 10.0 0.0 0.0 10.0 0.0 0.0 10.0 0.0 0.0 10.0
13  0.0 0.0 10.0 0.0 0.0 10.0 0.0 0.0 10.0 0.0 0.0 10.0
14  0.0 0.0 10.0 0.0 0.0 10.0 0.0 0.0 10.0 0.0 0.0 10.0
15  0.0 0.0 10.0 0.0 0.0 10.0 0.0 0.0 10.0 0.0 0.0 10.0
16  0.0 0.0 10.0 0.0 0.0 10.0 0.0 0.0 10.0 0.0 0.0 10.0
17  0.0 0.0 10.0 0.0 0.0 10.0 0.0 0.0 10.0 0.0 0.0 10.0
18  0.0 0.0 10.0 0.0 0.0 10.0 0.0 0.0 10.0 0.0 0.0 10.0
19  0.0 0.0 10.0 0.0 0.0 10.0 0.0 0.0 10.0 0.0 0.0 10.0
20  0.0 0.0 10.0 0.0 0.0 10.0 0.0 0.0 10.0 0.0 0.0 10.0
21  0.0 0.0 10.0 0.0 0.0 10.0 0.0 0.0 10.0 0.0 0.0 10.0
22  0.0 0.0 10.0 0.0 0.0 10.0 0.0 0.0 10.0 0.0 0.0 10.0
23  0.0 0.0 10.0 0.0 0.0 10.0 0.0 0.0 10.0 0.0 0.0 10.0
24  0.0 0.0 10.0 0.0 0.0 10.0 0.0 0.0 10.0 0.0 0.0 10.0
25  0.0 0.0 10.0 0.0 0.0 10.0 0.0 0.0 10.0 0.0 0.0 10.0
26  0.0 0.0 10.0 0.0 0.0 10.0 0.0 0.0 10.0 0.0 0.0 10.0
27  0.0 0.0 10.0 0.0 0.0 10.0 0.0 0.0 10.0 0.0 0.0 10.0
28  0.0 0.0 10.0 0.0 0.0 10.0 0.0 0.0 10.0 0.0 0.0 10.0
29  0.0 0.0 10.0 0.0 0.0 10.0 0.0 0.0 10.0 0.0 0.0 10.0
30  0.0 0.0 10.0 0.0 0.0 10.0 0.0 0.0 10.0 0.0 0.0 10.0
31  0.0 0.0 10.0 0.0 0.0 10.0 0.0 0.0 10.0 0.0 0.0 10.0
32  0.0 0.0 10.0 0.0 0.0 10.0 0.0 0.0 10.0 0.0 0.0 10.0
33  0.0 0.0 10.0 0.0 0.0 10.0 0.0 0.0 10.0 0.0 0.0 10.0
34  0.0 0.0 10.0 0.0 0.0 10.0 0.0 0.0 10.0 0.0 0.0 10.0
35  0.0 0.0 10.0 0.0 0.0 10.0 0.0 0.0 10.0 0.0 0.0 10.0
36  0.0 0.0 10.0 0.0 0.0 10.0 0.0 0.0 10.0 0.0 0.0 10.0
37  0.0 0.0 10.0 0.0 0.0 10.0 0.0 0.0 10.0 0.0 0.0 10.0
38  0.0 0.0 10.0 0.0 0.0 10.0 0.0 0.0 10.0 0.0 0.0 10.0
39  0.0 0.0 10.0 0.0 0.0 10.0 0.0 0.0 10.0 0.0 0.0 10.0
40  0.0 0.0 10.0 0.0 0.0 10.0 0.0 0.0 10.0 0.0 0.0 10.0
41  0.0 0.0 10.0 0.0 0.0 10.0 0.0 0.0 10.0 0.0 0.0 10.0
42  0.0 0.0 10.0 0.0 0.0 10.0 0.0 0.0 10.0 0.0 0.0 10.0
43  0.0 0.0 10.0 0.0 0.0 10.0 0.0 0.0 10.0 0.0 0.0 10.0
44  0.0 0.0 10.0 0.0 0.0 10.0 0.0 0.0 10.0 0.0 0.0 10.0
45  0.0 0.0 10.0 0.0 0.0 10.0 0.0 0.0 10.0 0.0 0.0 10.0
46  0.0 0.0 10.0 0.0 0.0 10.0 0.0 0.0 10.0 0.0 0.0 10.0
47  0.0 0.0 10.0 0.0 0.0 10.0 0.0 0.0 10.0 0.0 0.0 10.0
48  0.0 0.0 10.0 0.0 0.0 10.0 0.0 0.0 10.0 0.0 0.0 10.0
49  0.0 0.0 10.0 0.0 0.0 10.0 0.0 0.0 10.0 0.0 0.0 10.0
50  0.0 0.0 10.0 0.0 0.0 10.0 0.0 0.0 10.0 0.0 0.0 10.0
51  0.0 0.0 10.0 0.0 0.0 10.0 0.0 0.0 10.0 0.0 0.0 10.0
52  0.0 0.0 10.0 0.0 0.0 10.0 0.0 0.0 10.0 0.0 0.0 10.0
53  0.0 0.0 10.0 0.0 0.0 10.0 0.0 0.0 10.0 0.0 0.0 10.0
54  0.0 0.0 10.0 0.0 0.0 10.0 0.0 0.0 10.0 0.0 0.0 10.0
55  0.0 0.0 10.0 0.0 0.0 10.0 0.0 0.0 10.0 0.0 0.0 10.0
56  0.0 0.0 10.0 0.0 0.0 10.0 0.0 0.0 10.0 0.0 0.0 10.0
57  0.0 0.0 10.0 0.0 0.0 10.0 0.0 0.0 10.0 0.0 0.0 10.0
58  0.0 0.0 10.0 0.0 0.0 10.0 0.0 0.0 10.0 0.0 0.0 10.0
59  0.0 0.0 10.0 0.0 0.0 10.0 0.0 0.0 10.0 0.0 0.0 10.0
60  0.0 0.0 10.0 0.0 0.0 10.0 0.0 0.0 10.0 0.0 0.0 10.0
61  0.0 0.0 10.0 0.0 0.0 10.0 0.0 0.0 10.0 0.0 0.0 10.0
62  0.0 0.0 10.0 0.0 0.0 10.0 0.0 0.0 10.0 0.0 0.0 10.0
63  0.0 0.0 10.0 0.0 0.0 10.0 0.0 0.0 10.0 0.0 0.0 10.0
64  0.0 0.0 10.0 0.0 0.0 10.0 0.0 0.0 10.0 0.0 0.0 10.0
65  0.0 0.0 10.0 0.0 0.0 10.0 0.0 0.0 10.0 0.0 0.0 10.0
66  0.0 0.0 10.0 0.0 0.0 10.0 0.0 0.0 10.0 0.0 0.0 10.0
67  0.0 0.0 10.0 0.0 0.0 10.0 0.0 0.0 10.0 0.0 0.0 10.0
68  0.0 0.0 10.0 0.0 0.0 10.0 0.0 0.0 10.0 0.0 0.0 10.0
69  0.0 0.0 10.0 0.0 0.0 10.0 0.0 0.0 10.0 0.0 0.0 10.0
70  0.0 0.0 10.0 0.0 0.0 10.0 0.0 0.0 10.0 0.0 0.0 10.0
71  0.0 0.0 10.0 0.0 0.0 10.0 0.0 0.0 10.0 0.0 0.0 10.0
72  0.0 0.0 10.0 0.0 0.0 10.0 0.0 0.0 10.0 0.0 0.0 10.0
73  0.0 0.0 10.0 0.0 0.0 10.0 0.0 0.0 10.0 0.0 0.0 10.0
74  0.0 0.0 10.0 0.0 0.0 10.0 0.0 0.0 10.0 0.0 0.0 10.0
75  0.0 0.0 10.0 0.0 0.0 10.0 0.0 0.0 10.0 0.0 0.0 10.0
76  0.0 0.0 10.0 0.0 0.0 10.0 0.0 0.0 10.0 0.0 0.0 10.0
77  0.0 0.0 10.0 0.0 0.0 10.0 0.0 0.0 10.0 0.0 0.0 10.0
78  0.0 0.0 10.0 0.0 0.0 10.0 0.0 0.0 10.0 0.0 0.0 10.0
79  0.0 0.0 10.0 0.0 0.0 10.0 0.0 0.0 10.0 0.0 0.0 10.0
80  0.0 0.0 10.0 0.0 0.0 10.0 0.0 0.0 10.0 0.0 0.0 10.0
81  0.0 0.0 10.0 0.0 0.0 10.0 0.0 0.0 10.0 0.0 0.0 10.0
82  0.0 0.0 10.0 0.0 0.0 10.0 0.0 0.0 10.0 0.0 0.0 10.0
83  0.0 0.0 10.0 0.0 0.0 10.0 0.0 0.0 10.0 0.0 0.0 10.0
84  0.0 0.0 10.0 0.0 0.0 10.0 0.0 0.0 10.0 0.0 0.0 10.0
85  0.0 0.0 10.0 0.0 0.0 10.0 0.0 0.0 10.0 0.0 0.0 10.0
86  0.0 0.0 10.0 0.0 0.0 10.0 0.0 0.0 10.0 0.0 0.0 10.0
87  0.0 0.0 10.0 0.0 0.0 10.0 0.0 0.0 10.0 0.0 0.0 10.0
88  0.0 0.0 10.0 0.0 0.0 10.0 0.0 0.0 10.0 0.0 0.0 10.0
89  0.0 0.0 10.0 0.0 0.0 10.0 0.0 0.0 10.0 0.0 0.0 10.0
90  0.0 0.0 10.0 0.0 0.0 10.0 0.0 0.0 10.0 0.0 0.0 10.0
91  0.0 0.0 10.0 0.0 0.0 10.0 0.0 0.0 10.0 0.0 0.0 10.0
92  0.0 0.0 10.0 0.0 0.0 10.0 0.0 0.0 10.0 0.0 0.0 10.0
93  0.0 0.0 10.0 0.0 0.0 10.0 0.0 0.0 10.0 0.0 0.0 10.0
94  0.0 0.0 10.0 0.0 0.0 10.0 0.0 0.0 10.0 0.0 0.0 10.0
95  0.0 0.0 10.0 0.0 0.0 10.0 0.0 0.0 10.0 0.0 0.0 10.0
96  0.0 0.0 10.0 0.0 0.0 10.0 0.0 0.0 10.0 0.0 0.0 10.0
97  0.0 0.0 10.0 0.0 0.0 10.0 0.0 0.0 10.0 0.0 0.0 10.0
98  0.0 0.0 10.0 0.0 0.0 10.0 0.0 0.0 10.0 0.0 0.0 10.0
99  0.0 0.0 10.0 0.0 0.0 10.0 0.0 0.0 10.0 0.0 0.0 10.0
100 0.0 0.0 10.0 0.0 0.0 10.0 0.0 0.0 10.0 0.0 0.0 10.0
101 0.0 0.0 -10.0 0.0 0.0 -10.0 0.0 0.0 -10.0 0.0 0.0 -10.0
102 0.0 0.0 -10.0 0.0 0.0 -10.0 0.0 0.0 -10.0 0.0 0.0 -10.0
103 0.0 0.0 -10.0 0.0 0.0 -10.0 0.0 0.0 -10.0 0.0 0.0 -10.0
104 0.0 0.0 -10.0 0.0 0.0 -10.0 0.0 0.0 -10.0 0.0 0.0 -10.0
105 0.0 0.0 -10.0 0.0 0.0 -10.0 0.0 0.0 -10.0 0.0 0.0 -10.0
106 0.0 0.0 -10.0 0.0 0.0 -10.0 0.0 0.0 -10.0 0.0 0.0 -10.0
107 0.0 0.0 -10.0 0.0 0.0 -10.0 0.0 0.0 -10.0 0.0 0.0 -10.0
108 0.0 0.0 -10.0 0.0 0.0 -10.0 0.0 0.0 -10.0 0.0 0.0 -10.0
109 0.0 0.0 -10.0 0.0 0.0 -10.0 0.0 0.0 -10.0 0.0 0.0 -10.0
110 0.0 0.0 -10.0 0.0 0.0 -10.0 0.0 0.0 -10.0 0.0 0.0 -10.0
111 0.0 0.0 -10.0 0.0 0.0 -10.0 0.0 0.0 -10.0 0.0 0.0 -10.0
112 0.0 0.0 -10.0 0.0 0.0 -10.0 0.0 0.0 -10.0 0.0 0.0 -10.0
113 0.0 0.0 -10.0 0.0 0.0 -10.0 0.0 0.0 -10.0 0.0 0.0 -10.0
114 0.0 0.0 -10.0 0.0 0.0 -10.0 0.0 0.0 -10.0 0.0 0.0 -10.0
115 0.0 0.0 -10.0 0.0 0.0 -10.0 0.0 0.0 -10.0 0.0 0.0 -10.0
116 0.0 0.0 -10.0 0.0 0.0 -10.0 0.0 0.0 -10.0 0.0 0.0 -10.0
117 0.0 0.0 -10.0 0.0 0.0 -10.0 0.0 0.0 -10.0 0.0 0.0 -10.0
118 0.0 0.0 -10.0 0.0 0.0 -10.0 0.0 0.0 -10.0 0.0 0.0 -10.0
119 0.0 0.0 -10.0 0.0 0.0 -10.0 0.0 0.0 -10.0 0.0 0.0 -10.0
120 0.0 0.0 -10.0 0.0 0.0 -10.0 0.0 0.0 -10.0 0.0 0.0 -10.0
121 0.0 0.0 -10.0 0.0 0.0 -10.0 0.0 0.0 -10.0 0.0 0.0 -10.0
122 0.0 0.0 -10.0 0.0 0.0 -10.0 0.0 0.0 -10.0 0.0 0.0 -10.0
123 0.0 0.0 -10.0 0.0 0.0 -10.0 0.0 0.0 -10.0 0.0 0.0 -10.0
124 0.0 0.0 -10.0 0.0 0.0 -10.0 0.0 0.0 -10.0 0.0 0.0 -10.0
125 0.0 0.0 -10.0 0.0 0.0 -10.0 0.0 0.0 -10.0 0.0 0.0 -10.0
126 0.0 0.0 -10.0 0.0 0.0 -10.0 0.0 0.0 -10.0 0.0 0.0 -10.0
127 0.0 0.0 -10.0 0.0 0.0 -10.0 0.0 0.0 -10.0 0.0 0.0 -10.0
128 0.0 0.0 -10.0 0.0 0.0 -10.0 0.0 0.0 -10.0 0.0 0.0 -10.0
129 0.0 0.0 -10.0 0.0 0.0 -10.0 0.0 0.0 -10.0 0.0 0.0 -10.0
130 0.0 0.0 -10.0 0.0 0.0 -10.0 0.0 0.0 -10.0 0.0 0.0 -10.0
131 0.0 0.0 -10.0 0.0 0.0 -10.0 0.0 0.0 -10.0 0.0 0.0 -10.0
132 0.0 0.0 -10.0 0.0 0.0 -10.0 0.0 0.0 -10.0 0.0 0.0 -10.0
133 0.0 0.0 -10.0 0.0 0.0 -10.0 0.0 0.0 -10.0 0.0 0.0 -10.0
134 0.0 0.0 -10.0 0.0 0.0 -10.0 0.0 0.0 -10.0 0.0 0.0 -10.0
135 0.0 0.0 -10.0 0.0 0.0 -10.0 0.0 0.0 -10.0 0.0 0.0 -10.0
136 0.0 0.0 -10.0 0.0 0.0 -10.0 0.0 0.0 -10.0 0.0 0.0 -10.0
137 0.0 0.0 -10.0 0.0 0.0 -10.0 0.0 0.0 -10.0 0.0 0.0 -10.0
138 0.0 0.0 -10.0 0.0 0.0 -10.0 0.0 0.0 -10.0 0.0 0.0 -10.0
139 0.0 0.0 -10.0 0.0 0.0 -10.0 0.0 0.0 -10.0 0.0 0.0 -10.0
140 0.0 0.0 -10.0 0.0 0.0 -10.0 0.0 0.0 -10.0 0.0 0.0 -10.0
141 0.0 0.0 -10.0 0.0 0.0 -10.0 0.0 0.0 -10.0 0.0 0.0 -10.0
142 0.0 0.0 -10.0 0.0 0.0 -10.0 0.0 0.0 -10.0 0.0 0.0 -10.0
143 0.0 0.0 -10.0 0.0 0.0 -10.0 0.0 0.0 -10.0 0.0 0.0 -10.0
144 0.0 0.0 -10.0 0.0 0.0 -10.0 0.0 0.0 -10.0 0.0 0.0 -10.0
145 0.0 0.0 -10.0 0.0 0.0 -10.0 0.0 0.0 -10.0 0.0 0.0 -10.0
146 0.0 0.0 -10.0 0.0 0.0 -10.0 0.0 0.0 -10.0 0.0 0.0 -10.0
147 0.0 0.0 -10.0 0.0 0.0 -10.0 0.0 0.0 -10.0 0.0 0.0 -10.0
148 0.0 0.0 -10.0 0.0 0.0 -10.0 0.0 0.0 -10.0 0.0 0.0 -10.0
149 0.0 0.0 -10.0 0.0 0.0 -10.0 0.0 0.0 -10.0 0.0 0.0 -10.0
150 0.0 0.0 -10.0 0.0 0.0 -10.0 0.0 0.0 -10.0 0.0 0.0 -10.0
151 0.0 0.0 -10.0 0.0 0.0 -10.0 0.0 0.0 -10.0 0.0 0.0 -10.0
152 0.0 0.0 -10.0 0.0 0.0 -10.0 0.0 0.0 -10.0 0.0 0.0 -10.0
153 0.0 0.0 -10.0 0.0 0.0 -10.0 0.0 0.0 -10.0 0.0 0.0 -10.0
154 0.0 0.0 -10.0 0.0 0.0 -10.0 0.0 0.0 -10.0 0.0 0.0 -10.0
155 0.0 0.0 -10.0 0.0 0.0 -10.0 0.0 0.0 -10.0 0.0 0.0 -10.0
156 0.0 0.0 -10.0 0.0 0.0 -10.0 0.0 0.0 -10.0 0.0 0.0 -10.0
157 0.0 0.0 -10.0 0.0 0.0 -10.0 0.0 0.0 -10.0 0.0 0.0 -10.0
158 0.0 0.0 -10.0 0.0 0.0 -10.0 0.0 0.0 -10.0 0.0 0.0 -10.0
159 0.0 0.0 -10.0 0.0 0.0 -10.0 0.0 0.0 -10.0 0.0 0.0 -10.0
160 0.0 0.0 -10.0 0.0 0.0 -10.0 0.0 0.0 -10.0 0.0 0.0 -10.0
161 0.0 0.0 -10.0 0.0 0.0 -10.0 0.0 0.0 -10.0 0.0 0.0 -10.0
162 0.0 0.0 -10.0 0.0 0.0 -10.0 0.0 0.0 -10.0 0.0 0.0 -10.0
163 0.0 0.0 -10.0 0.0 0.0 -10.0 0.0 0.0 -10.0 0.0 0.0 -10.0
164 0.0 0.0 -10.0 0.0 0.0 -10.0 0.0 0.0 -10.0 0.0 0.0 -10.0
165 0.0 0.0 -10.0 0.0 0.0 -10.0 0.0 0.0 -10.0 0.0 0.0 -10.0
166 0.0 0.0 -10.0 0.0 0.0 -10.0 0.0 0.0 -10.0 0.0 0.0 -10.0
167 0.0 0.0 -10.0 0.0 0.0 -10.0 0.0 0.0 -10.0 0.0 0.0 -10.0
168 0.0 0.0 -10.0 0.0 0.0 -10.0 0.0 0.0 -10.0 0.0 0.0 -10.0
169 0.0 0.0 -10.0 0.0 0.0 -10.0 0.0 0.0 -10.0 0.0 0.0 -10.0
170 0.0 0.0 -10.0 0.0 0.0 -10.0 0.0 0.0 -10.0 0.0 0.0 -10.0
171 0.0 0.0 -10.0 0.0 0.0 -10.0 0.0 0.0 -10.0 0.0 0.0 -10.0
172 0.0 0.0 -10.0 0.0 0.0 -10.0 0.0 0.0 -10.0 0.0 0.0 -10.0
173 0.0 0.0 -10.0 0.0 0.0 -10.0 0.0 0.0 -10.0 0.0 0.0 -10.0
174 0.0 0.0 -10.0 0.0 0.0 -10.0 0.0 0.0 -10.0 0.0 0.0 -10.0
175 0.0 0.0 -10.0 0.0 0.0 -10.0 0.0 0.0 -10.0 0.0 0.0 -10.0
176 0.0 0.0 -10.0 0.0 0.0 -10.0 0.0 0.0 -10.0 0.0 0.0 -10.0
177 0.0 0.0 -10.0 0.0 0.0 -10.0 0.0 0.0 -10.0 0.0 0.0 -10.0
178 0.0 0.0 -10.0 0.0 0.0 -10.0 0.0 0.0 -10.0 0.0 0.0 -10.0
179 0.0 0.0 -10.0 0.0 0.0 -10.0 0.0 0.0 -10.0 0.0 0.0 -10.0
180 0.0 0.0 -10.0 0.0 0.0 -10.0 0.0 0.0 -10.0 0.0 0.0 -10.0
181 0.0 0.0 -10.0 0.0 0.0 -10.0 0.0 0.0 -10.0 0.0 0.0 -10.0
182 0.0 0.0 -10.0 0.0 0.0 -10.0 0.0 0.0 -10.0 0.0 0.0 -10.0
183 0.0 0.0 -10.0 0.0 0.0 -10.0 0.0 0.0 -10.0 0.0 0.0 -10.0
184 0.0 0.0 -10.0 0.0 0.0 -10.0 0.0 0.0 -10.0 0.0 0.0 -10.0
185 0.0 0.0 -10.0 0.0 0.0 -10.0 0.0 0.0 -10.0 0.0 0.0 -10.0
186 0.0 0.0 -10.0 0.0 0.0 -10.0 0.0 0.0 -10.0 0.0 0.0 -10.0
187 0.0 0.0 -10.0 0.0 0.0 -10.0 0.0 0.0 -10.0 0.0 0.0 -10.0
188 0.0 0.0 -10.0 0.0 0.0 -10.0 0.0 0.0 -10.0 0.0 0.0 -10.0
189 0.0 0.0 -10.0 0.0 0.0 -10.0 0.0 0.0 -10.0 0.0 0.0 -10.0
190 0.0 0.0 -10.0 0.0 0.0 -10.0 0.0 0.0 -10.0 0.0 0.0 -10.0
191 0.0 0.0 -10.0 0.0 0.0 -10.0 0.0 0.0 -10.0 0.0 0.0 -10.0
192 0.0 0.0 -10.0 0.0 0.0 -10.0 0.0 0.0 -10.0 0.0 0.0 -10.0
193 0.0 0.0 -10.0 0.0 0.0 -10.0 0.0 0.0 -10.0 0.0 0.0 -10.0
194 0.0 0.0 -10.0 0.0 0.0 -10.0 0.0 0.0 -10.0 0.0 0.0 -10.0
195 0.0 0.0 -10.0 0.0 0.0 -10.0 0.0 0.0 -10.0 0.0 0.0 -10.0
196 0.0 0.0 -10.0 0.0 0.0 -10.0 0.0 0.0 -10.0 0.0 0.0 -10.0
197 0.0 0.0 -10.0 0.0 0.0 -10.0 0.0 0.0 -10.0 0.0 0.0 -10.0
198 0.0 0.0 -10.0 0.0 0.0 -10.0 0.0 0.0 -10.0 0.0 0.0 -10.0
199 0.0 0.0 -10.0 0.0 0.0 -10.0 0.0 0.0 -10.0 0.0 0.0 -10.0
200 0.0 0.0 -10.0 0.0 0.0 -10.0 0.0 0.0 -10.0 0.0 0.0 -10.0
201 0.0 -10.0 0.0 0.0 -10.0 0.0 0.0 -10.0 0.0 0.0 -10.0 0.0
202 0.0 -10.0 0.0 0.0 -10.0 0.0 0.0 -10.0 0.0 0.0 -10.0 0.0
203 0.0 -10.0 0.0 0.0 -10.0 0.0 0.0 -10.0 0.0 0.0 -10.0 0.0
204 0.0 -10.0 0.0 0.0 -10.0 0.0 0.0 -10.0 0.0 0.0 -10.0 0.0
205 0.0 -10.0 0.0 0.0 -10.0 0.0 0.0 -10.0 0.0 0.0 -10.0 0.0
206 0.0 -10.0 0.0 0.0 -10.0 0.0 0.0 -10.0 0.0 0.0 -10.0 0.0
207 0.0 -10.0 0.0 0.0 -10.0 0.0 0.0 -10.0 0.0 0.0 -10.0 0.0
208 0.0 -10.0 0.0 0.0 -10.0 0.0 0.0 -10.0 0.0 0.0 -10.0 0.0
209 0.0 -10.0 0.0 0.0 -10.0 0.0 0.0 -10.0 0.0 0.0 -10.0 0.0
210 0.0 -10.0 0.0 0.0 -10.0 0.0 0.0 -10.0 0.0 0.0 -10.0 0.0
211 0.0 -10.0 0.0 0.0 -10.0 0.0 0.0 -10.0 0.0 0.0 -10.0 0.0
212 0.0 -10.0 0.0 0.0 -10.0 0.0 0.0 -10.0 0.0 0.0 -10.0 0.0
213 0.0 -10.0 0.0 0.0 -10.0 0.0 0.0 -10.0 0.0 0.0 -10.0 0.0
214 0.0 -10.0 0.0 0.0 -10.0 0.0 0.0 -10.0 0.0 0.0 -10.0 0.0
215 0.0 -10.0 0.0 0.0 -10.0 0.0 0.0 -10.0 0.0 0.0 -10.0 0.0
216 0.0 -10.0 0.0 0.0 -10.0 0.0 0.0 -10.0 0.0 0.0 -10.0 0.0
217 0.0 -10.0 0.0 0.0 -10.0 0.0 0.0 -10.0 0.0 0.0 -10.0 0.0
218 0.0 -10.0 0.0 0.0 -10.0 0.0 0.0 -10.0 0.0 0.0 -10.0 0.0
219 0.0 -10.0 0.0 0.0 -10.0 0.0 0.0 -10.0 0.0 0.0 -10.0 0.0
220 0.0 -10.0 0.0 0.0 -10.0 0.0 0.0 -10.0 0.0 0.0 -10.0 0.0
221 0.0 -10.0 0.0 0.0 -10.0 0.0 0.0 -10.0 0.0 0.0 -10.0 0.0
222 0.0 -10.0 0.0 0.0 -10.0 0.0 0.0 -10.0 0.0 0.0 -10.0 0.0
223 0.0 -10.0 0.0 0.0 -10.0 0.0 0.0 -10.0 0.0 0.0 -10.0 0.0
224 0.0 -10.0 0.0 0.0 -10.0 0.0 0.0 -10.0 0.0 0.0 -10.0 0.0
225 0.0 -10.0 0.0 0.0 -10.0 0.0 0.0 -10.0 0.0 0.0 -10.0 0.0
226 0.0 -10.0 0.0 0.0 -10.0 0.0 0.0 -10.0 0.0 0.0 -10.0 0.0
227 0.0 -10.0 0.0 0.0 -10.0 0.0 0.0 -10.0 0.0 0.0 -10.0 0.0
228 0.0 -10.0 0.0 0.0 -10.0 0.0 0.0 -10.0 0.0 0.0 -10.0 0.0
229 0.0 -10.0 0.0 0.0 -10.0 0.0 0.0 -10.0 0.0 0.0 -10.0 0.0
230 0.0 -10.0 0.0 0.0 -10.0 0.0 0.0 -10.0 0.0 0.0 -10.0 0.0
231 0.0 -10.0 0.0 0.0 -10.0 0.0 0.0 -10.0 0.0 0.0 -10.0 0.0
232 0.0 -10.0 0.0 0.0 -10.0 0.0 0.0 -10.0 0.0 0.0 -10.0 0.0
233 0.0 -10.0 0.0 0.0 -10.0 0.0 0.0 -10.0 0.0 0.0 -10.0 0.0
234 0.0 -10.0 0.0 0.0 -10.0 0.0 0.0 -10.0 0.0 0.0 -10.0 0.0
235 0.0 -10.0 0.0 0.0 -10.0 0.0 0.0 -10.0 0.0 0.0 -10.0 0.0
236 0.0 -10.0 0.0 0.0 -10.0 0.0 0.0 -10.0 0.0 0.0 -10.0 0.0
237 0.0 -10.0 0.0 0.0 -10.0 0.0 0.0 -10.0 0.0 0.0 -10.0 0.0
238 0.0 -10.0 0.0 0.0 -10.0 0.0 0.0 -10.0 0.0 0.0 -10.0 0.0
239 0.0 -10.0 0.0 0.0 -10.0 0.0 0.0 -10.0 0.0 0.0 -10.0 0.0
240 0.0 -10.0 0.0 0.0 -10.0 0.0 0.0 -10.0 0.0 0.0 -10.0 0.0
241 0.0 -10.0 0.0 0.0 -10.0 0.0 0.0 -10.0 0.0 0.0 -10.0 0.0
242 0.0 -10.0 0.0 0.0 -10.0 0.0 0.0 -10.0 0.0 0.0 -10.0 0.0
243 0.0 -10.0 0.0 0.0 -10.0 0.0 0.0 -10.0 0.0 0.0 -10.0 0.0
244 0.0 -10.0 0.0 0.0 -10.0 0.0 0.0 -10.0 0.0 0.0 -10.0 0.0
245 0.0 -10.0 0.0 0.0 -10.0 0.0 0.0 -10.0 0.0 0.0 -10.0 0.0
246 0.0 -10.0 0.0 0.0 -10.0 0.0 0.0 -10.0 0.0 0.0 -10.0 0.0
247 0.0 -10.0 0.0 0.0 -10.0 0.0 0.0 -10.0 0.0 0.0 -10.0 0.0
248 0.0 -10.0 0.0 0.0 -10.0 0.0 0.0 -10.0 0.0 0.0 -10.0 0.0
249 0.0 -10.0 0.0 0.0 -10.0 0.0 0.0 -10.0 0.0 0.0 -10.0 0.0
250 0.0 -10.0 0.0 0.0 -10.0 0.0 0.0 -10.0 0.0 0.0 -10.0 0.0
251 0.0 -10.0 0.0 0.0 -10.0 0.0 0.0 -10.0 0.0 0.0 -10.0 0.0
252 0.0 -10.0 0.0 0.0 -10.0 0.0 0.0 -10.0 0.0 0.0 -10.0 0.0
253 0.0 -10.0 0.0 0.0 -10.0 0.0 0.0 -10.0 0.0 0.0 -10.0 0.0
254 0.0 -10.0 0.0 0.0 -10.0 0.0 0.0 -10.0 0.0 0.0 -10.0 0.0
255 0.0 -10.0 0.0 0.0 -10.0 0.0 0.0 -10.0 0.0 0.0 -10.0 0.0
256 0.0 -10.0 0.0 0.0 -10.0 0.0 0.0 -10.0 0.0 0.0 -10.0 0.0
257 0.0 -10.0 0.0 0.0 -10.0 0.0 0.0 -10.0 0.0 0.0 -10.0 0.0
258 0.0 -10.0 0.0 0.0 -10.0 0.0 0.0 -10.0 0.0 0.0 -10.0 0.0
259 0.0 -10.0 0.0 0.0 -10.0 0.0 0.0 -10.0 0.0 0.0 -10.0 0.0
260 0.0 -10.0 0.0 0.0 -10.0 0.0 0.0 -10.0 0.0 0.0 -10.0 0.0
261 0.0 -10.0 0.0 0.0 -10.0 0.0 0.0 -10.0 0.0 0.0 -10.0 0.0
262 0.0 -10.0 0.0 0.0 -10.0 0.0 0.0 -10.0 0.0 0.0 -10.0 0.0
263 0.0 -10.0 0.0 0.0 -10.0 0.0 0.0 -10.0 0.0 0.0 -10.0 0.0
264 0.0 -10.0 0.0 0.0 -10.0 0.0 0.0 -10.0 0.0 0.0 -10.0 0.0
265 0.0 -10.0 0.0 0.0 -10.0 0.0 0.0 -10.0 0.0 0.0 -10.0 0.0
266 0.0 -10.0 0.0 0.0 -10.0 0.0 0.0 -10.0 0.0 0.0 -10.0 0.0
267 0.0 -10.0 0.0 0.0 -10.0 0.0 0.0 -10.0 0.0 0.0 -10.0 0.0
268 0.0 -10.0 0.0 0.0 -10.0 0.0 0.0 -10.0 0.0 0.0 -10.0 0.0
269 0.0 -10.0 0.0 0.0 -10.0 0.0 0.0 -10.0 0.0 0.0 -10.0 0.0
270 0.0 -10.0 0.0 0.0 -10.0 0.0 0.0 -10.0 0.0 0.0 -10.0 0.0
271 0.0 -10.0 0.0 0.0 -10.0 0.0 0.0 -10.0 0.0 0.0 -10.0 0.0
272 0.0 -10.0 0.0 0.0 -10.0 0.0 0.0 -10.0 0.0 0.0 -10.0 0.0
273 0.0 -10.0 0.0 0.0 -10.0 0.0 0.0 -10.0 0.0 0.0 -10.0 0.0
274 0.0 -10.0 0.0 0.0 -10.0 0.0 0.0 -10.0 0.0 0.0 -10.0 0.0
275 0.0 -10.0 0.0 0.0 -10.0 0.0 0.0 -10.0 0.0 0.0 -10.0 0.0
276 0.0 -10.0 0.0 0.0 -10.0 0.0 0.0 -10.0 0.0 0.0 -10.0 0.0
277 0.0 -10.0 0.0 0.0 -10.0 0.0 0.0 -10.0 0.0 0.0 -10.0 0.0
278 0.0 -10.0 0.0 0.0 -10.0 0.0 0.0 -10.0 0.0 0.0 -10.0 0.0
279 0.0 -10.0 0.0 0.0 -10.0 0.0 0.0 -10.0 0.0 0.0 -10.0 0.0
280 0.0 -10.0 0.0 0.0 -10.0 0.0 0.0 -10.0 0.0 0.0 -10.0 0.0
281 0.0 -10.0 0.0 0.0 -10.0 0.0 0.0 -10.0 0.0 0.0 -10.0 0.0
282 0.0 -10.0 0.0 0.0 -10.0 0.0 0.0 -10.0 0.0 0.0 -10.0 0.0
283 0.0 -10.0 0.0 0.0 -10.0 0.0 0.0 -10.0 0.0 0.0 -10.0 0.0
284 0.0 -10.0 0.0 0.0 -10.0 0.0 0.0 -10.0 0.0 0.0 -10.0 0.0
285 0.0 -10.0 0.0 0.0 -10.0 0.0 0.0 -10.0 0.0 0.0 -10.0 0.0
286 0.0 -10.0 0.0 0.0 -10.0 0.0 0.0 -10.0 0.0 0.0 -10.0 0.0
287 0.0 -10.0 0.0 0.0 -10.0 0.0 0.0 -10.0 0.0 0.0 -10.0 0.0
288 0.0 -10.0 0.0 0.0 -10.0 0.0 0.0 -10.0 0.0 0.0 -10.0 0.0
289 0.0 -10.0 0.0 0.0 -10.0 0.0 0.0 -10.0 0.0 0.0 -10.0 0.0
290 0.0 -10.0 0.0 0.0 -10.0 0.0 0.0 -10.0 0.0 0.0 -10.0 0.0
291 0.0 -10.0 0.0 0.0 -10.0 0.0 0.0 -10.0 0.0 0.0 -10.0 0.0
292 0.0 -10.0 0.0 0.0 -10.0 0.0 0.0 -10.0 0.0 0.0 -10.0 0.0
293 0.0 -10.0 0.0 0.0 -10.0 0.0 0.0 -10.0 0.0 0.0 -10.0 0.0
294 0.0 -10.0 0.0 0.0 -10.0 0.0 0.0 -10.0 0.0 0.0 -10.0 0.0
295 0.0 -10.0 0.0 0.0 -10.0 0.0 0.0 -10.0 0.0 0.0 -10.0 0.0
296 0.0 -10.0 0.0 0.0 -10.0 0.0 0.0 -10.0 0.0 0.0 -10.0 0.0
297 0.0 -10.0 0.0 0.0 -10.0 0.0 0.0 -10.0 0.0 0.0 -10.0 0.0
298 0.0 -10.0 0.0 0.0 -10.0 0.0 0.0 -10.0 0.0 0.0 -10.0 0.0
299 0.0 -10.0 0.0 0.0 -10.0 0.0 0.0 -10.0 0.0 0.0 -10.0 0.0
300 0.0 -10.0 0.0 0.0 -10.0 0.0 0.0 -10.0 0.0 0.0 -10.0 0.0
301 0.0 10.0 0.0 0.0 10.0 0.0 0.0 10.0 0.0 0.0 10.0 0.0
302 0.0 10.0 0.0 0.0 10.0 0.0 0.0 10.0 0.0 0.0 10.0 0.0
303 0.0 10.0 0.0 0.0 10.0 0.0 0.0 10.0 0.0 0.0 10.0 0.0
304 0.0 10.0 0.0 0.0 10.0 0.0 0.0 10.0 0.0 0.0 10.0 0.0
305 0.0 10.0 0.0 0.0 10.0 0.0 0.0 10.0 0.0 0.0 10.0 0.0
306 0.0 10.0 0.0 0.0 10.0 0.0 0.0 10.0 0.0 0.0 10.0 0.0
307 0.0 10.0 0.0 0.0 10.0 0.0 0.0 10.0 0.0 0.0 10.0 0.0
308 0.0 10.0 0.0 0.0 10.0 0.0 0.0 10.0 0.0 0.0 10.0 0.0
309 0.0 10.0 0.0 0.0 10.0 0.0 0.0 10.0 0.0 0.0 10.0 0.0
310 0.0 10.0 0.0 0.0 10.0 0.0 0.0 10.0 0.0 0.0 10.0 0.0
311 0.0 10.0 0.0 0.0 10.0 0.0 0.0 10.0 0.0 0.0 10.0 0.0
312 0.0 10.0 0.0 0.0 10.0 0.0 0.0 10.0 0.0 0.0 10.0 0.0
313 0.0 10.0 0.0 0.0 10.0 0.0 0.0 10.0 0.0 0.0 10.0 0.0
314 0.0 10.0 0.0 0.0 10.0 0.0 0.0 10.0 0.0 0.0 10.0 0.0
315 0.0 10.0 0.0 0.0 10.0 0.0 0.0 10.0 0.0 0.0 10.0 0.0
316 0.0 10.0 0.0 0.0 10.0 0.0 0.0 10.0 0.0 0.0 10.0 0.0
317 0.0 10.0 0.0 0.0 10.0 0.0 0.0 10.0 0.0 0.0 10.0 0.0
318 0.0 10.0 0.0 0.0 10.0 0.0 0.0 10.0 0.0 0.0 10.0 0.0
319 0.0 10.0 0.0 0.0 10.0 0.0 0.0 10.0 0.0 0.0 10.0 0.0
320 0.0 10.0 0.0 0.0 10.0 0.0 0.0 10.0 0.0 0.0 10.0 0.0
321 0.0 10.0 0.0 0.0 10.0 0.0 0.0 10.0 0.0 0.0 10.0 0.0
322 0.0 10.0 0.0 0.0 10.0 0.0 0.0 10.0 0.0 0.0 10.0 0.0
323 0.0 10.0 0.0 0.0 10.0 0.0 0.0 10.0 0.0 0.0 10.0 0.0
324 0.0 10.0 0.0 0.0 10.0 0.0 0.0 10.0 0.0 0.0 10.0 0.0
325 0.0 10.0 0.0 0.0 10.0 0.0 0.0 10.0 0.0 0.0 10.0 0.0
326 0.0 10.0 0.0 0.0 10.0 0.0 0.0 10.0 0.0 0.0 10.0 0.0
327 0.0 10.0 0.0 0.0 10.0 0.0 0.0 10.0 0.0 0.0 10.0 0.0
328 0.0 10.0 0.0 0.0 10.0 0.0 0.0 10.0 0.0 0.0 10.0 0.0
329 0.0 10.0 0.0 0.0 10.0 0.0 0.0 10.0 0.0 0.0 10.0 0.0
330 0.0 10.0 0.0 0.0 10.0 0.0 0.0 10.0 0.0 0.0 10.0 0.0
331 0.0 10.0 0.0 0.0 10.0 0.0 0.0 10.0 0.0 0.0 10.0 0.0
332 0.0 10.0 0.0 0.0 10.0 0.0 0.0 10.0 0.0 0.0 10.0 0.0
333 0.0 10.0 0.0 0.0 10.0 0.0 0.0 10.0 0.0 0.0 10.0 0.0
334 0.0 10.0 0.0 0.0 10.0 0.0 0.0 10.0 0.0 0.0 10.0 0.0
335 0.0 10.0 0.0 0.0 10.0 0.0 0.0 10.0 0.0 0.0 10.0 0.0
336 0.0 10.0 0.0 0.0 10.0 0.0 0.0 10.0 0.0 0.0 10.0 0.0
337 0.0 10.0 0.0 0.0 10.0 0.0 0.0 10.0 0.0 0.0 10.0 0.0
338 0.0 10.0 0.0 0.0 10.0 0.0 0.0 10.0 0.0 0.0 10.0 0.0
339 0.0 10.0 0.0 0.0 10.0 0.0 0.0 10.0 0.0 0.0 10.0 0.0
340 0.0 10.0 0.0 0.0 10.0 0.0 0.0 10.0 0.0 0.0 10.0 0.0
341 0.0 10.0 0.0 0.0 10.0 0.0 0.0 10.0 0.0 0.0 10.0 0.0
342 0.0 10.0 0.0 0.0 10.0 0.0 0.0 10.0 0.0 0.0 10.0 0.0
343 0.0 10.0 0.0 0.0 10.0 0.0 0.0 10.0 0.0 0.0 10.0 0.0
344 0.0 10.0 0.0 0.0 10.0 0.0 0.0 10.0 0.0 0.0 10.0 0.0
345 0.0 10.0 0.0 0.0 10.0 0.0 0.0 10.0 0.0 0.0 10.0 0.0
346 0.0 10.0 0.0 0.0 10.0 0.0 0.0 10.0 0.0 0.0 10.0 0.0
347 0.0 10.0 0.0 0.0 10.0 0.0 0.0 10.0 0.0 0.0 10.0 0.0
348 0.0 10.0 0.0 0.0 10.0 0.0 0.0 10.0 0.0 0.0 10.0 0.0
349 0.0 10.0 0.0 0.0 10.0 0.0 0.0 10.0 0.0 0.0 10.0 0.0
350 0.0 10.0 0.0 0.0 10.0 0.0 0.0 10.0 0.0 0.0 10.0 0.0
351 0.0 10.0 0.0 0.0 10.0 0.0 0.0 10.0 0.0 0.0 10.0 0.0
352 0.0 10.0 0.0 0.0 10.0 0.0 0.0 10.0 0.0 0.0 10.0 0.0
353 0.0 10.0 0.0 0.0 10.0 0.0 0.0 10.0 0.0 0.0 10.0 0.0
354 0.0 10.0 0.0 0.0 10.0 0.0 0.0 10.0 0.0 0.0 10.0 0.0
355 0.0 10.0 0.0 0.0 10.0 0.0 0.0 10.0 0.0 0.0 10.0 0.0
356 0.0 10.0 0.0 0.0 10.0 0.0 0.0 10.0 0.0 0.0 10.0 0.0
357 0.0 10.0 0.0 0.0 10.0 0.0 0.0 10.0 0.0 0.0 10.0 0.0
358 0.0 10.0 0.0 0.0 10.0 0.0 0.0 10.0 0.0 0.0 10.0 0.0
359 0.0 10.0 0.0 0.0 10.0 0.0 0.0 10.0 0.0 0.0 10.0 0.0
360 0.0 10.0 0.0 0.0 10.0 0.0 0.0 10.0 0.0 0.0 10.0 0.0
361 0.0 10.0 0.0 0.0 10.0 0.0 0.0 10.0 0.0 0.0 10.0 0.0
362 0.0 10.0 0.0 0.0 10.0 0.0 0.0 10.0 0.0 0.0 10.0 0.0
363 0.0 10.0 0.0 0.0 10.0 0.0 0.0 10.0 0.0 0.0 10.0 0.0
364 0.0 10.0 0.0 0.0 10.0 0.0 0.0 10.0 0.0 0.0 10.0 0.0
365 0.0 10.0 0.0 0.0 10.0 0.0 0.0 10.0 0.0 0.0 10.0 0.0
366 0.0 10.0 0.0 0.0 10.0 0.0 0.0 10.0 0.0 0.0 10.0 0.0
367 0.0 10.0 0.0 0.0 10.0 0.0 0.0 10.0 0.0 0.0 10.0 0.0
368 0.0 10.0 0.0 0.0 10.0 0.0 0.0 10.0 0.0 0.0 10.0 0.0
369 0.0 10.0 0.0 0.0 10.0 0.0 0.0 10.0 0.0 0.0 10.0 0.0
370 0.0 10.0 0.0 0.0 10.0 0.0 0.0 10.0 0.0 0.0 10.0 0.0
371 0.0 10.0 0.0 0.0 10.0 0.0 0.0 10.0 0.0 0.0 10.0 0.0
372 0.0 10.0 0.0 0.0 10.0 0.0 0.0 10.0 0.0 0.0 10.0 0.0
373 0.0 10.0 0.0 0.0 10.0 0.0 0.0 10.0 0.0 0.0 10.0 0.0
374 0.0 10.0 0.0 0.0 10.0 0.0 0.0 10.0 0.0 0.0 10.0 0.0
375 0.0 10.0 0.0 0.0 10.0 0.0 0.0 10.0 0.0 0.0 10.0 0.0
376 0.0 10.0 0.0 0.0 10.0 0.0 0.0 10.0 0.0 0.0 10.0 0.0
377 0.0 10.0 0.0 0.0 10.0 0.0 0.0 10.0 0.0 0.0 10.0 0.0
378 0.0 10.0 0.0 0.0 10.0 0.0 0.0 10.0 0.0 0.0 10.0 0.0
379 0.0 10.0 0.0 0.0 10.0 0.0 0.0 10.0 0.0 0.0 10.0 0.0
380 0.0 10.0 0.0 0.0 10.0 0.0 0.0 10.0 0.0 0.0 10.0 0.0
381 0.0 10.0 0.0 0.0 10.0 0.0 0.0 10.0 0.0 0.0 10.0 0.0
382 0.0 10.0 0.0 0.0 10.0 0.0 0.0 10.0 0.0 0.0 10.0 0.0
383 0.0 10.0 0.0 0.0 10.0 0.0 0.0 10.0 0.0 0.0 10.0 0.0
384 0.0 10.0 0.0 0.0 10.0 0.0 0.0 10.0 0.0 0.0 10.0 0.0
385 0.0 10.0 0.0 0.0 10.0 0.0 0.0 10.0 0.0 0.0 10.0 0.0
386 0.0 10.0 0.0 0.0 10.0 0.0 0.0 10.0 0.0 0.0 10.0 0.0
387 0.0 10.0 0.0 0.0 10.0 0.0 0.0 10.0 0.0 0.0 10.0 0.0
388 0.0 10.0 0.0 0.0 10.0 0.0 0.0 10.0 0.0 0.0 10.0 0.0
389 0.0 10.0 0.0 0.0 10.0 0.0 0.0 10.0 0.0 0.0 10.0 0.0
390 0.0 10.0 0.0 0.0 10.0 0.0 0.0 10.0 0.0 0.0 10.0 0.0
391 0.0 10.0 0.0 0.0 10.0 0.0 0.0 10.0 0.0 0.0 10.0 0.0
392 0.0 10.0 0.0 0.0 10.0 0.0 0.0 10.0 0.0 0.0 10.0 0.0
393 0.0 10.0 0.0 0.0 10.0 0.0 0.0 10.0 0.0 0.0 10.0 0.0
394 0.0 10.0 0.0 0.0 10.0 0.0 0.0 10.0 0.0 0.0 10.0 0.0
395 0.0 10.0 0.0 0.0 10.0 0.0 0.0 10.0 0.0 0.0 10.0 0.0
396 0.0 10.0 0.0 0.0 10.0 0.0 0.0 10.0 0.0 0.0 10.0 0.0
397 0.0 10.0 0.0 0.0 10.0 0.0 0.0 10.0 0.0 0.0 10.0 0.0
398 0.0 10.0 0.0 0.0 10.0 0.0 0.0 10.0 0.0 0.0 10.0 0.0
399 0.0 10.0 0.0 0.0 10.0 0.0 0.0 10.0 0.0 0.0 10.0 0.0
400 0.0 10.0 0.0 0.0 10.0 0.0 0.0 10.0 0.0 0.0 10.0 0.0
401 10.0 0.0 0.0 10.0 0.0 0.0 10.0 0.0 0.0 10.0 0.0 0.0
402 10.0 0.0 0.0 10.0 0.0 0.0 10.0 0.0 0.0 10.0 0.0 0.0
403 10.0 0.0 0.0 10.0 0.0 0.0 10.0 0.0 0.0 10.0 0.0 0.0
404 10.0 0.0 0.0 10.0 0.0 0.0 10.0 0.0 0.0 10.0 0.0 0.0
405 10.0 0.0 0.0 10.0 0.0 0.0 10.0 0.0 0.0 10.0 0.0 0.0
406 10.0 0.0 0.0 10.0 0.0 0.0 10.0 0.0 0.0 10.0 0.0 0.0
407 10.0 0.0 0.0 10.0 0.0 0.0 10.0 0.0 0.0 10.0 0.0 0.0
408 10.0 0.0 0.0 10.0 0.0 0.0 10.0 0.0 0.0 10.0 0.0 0.0
409 10.0 0.0 0.0 10.0 0.0 0.0 10.0 0.0 0.0 10.0 0.0 0.0
410 10.0 0.0 0.0 10.0 0.0 0.0 10.0 0.0 0.0 10.0 0.0 0.0
411 10.0 0.0 0.0 10.0 0.0 0.0 10.0 0.0 0.0 10.0 0.0 0.0
412 10.0 0.0 0.0 10.0 0.0 0.0 10.0 0.0 0.0 10.0 0.0 0.0
413 10.0 0.0 0.0 10.0 0.0 0.0 10.0 0.0 0.0 10.0 0.0 0.0
414 10.0 0.0 0.0 10.0 0.0 0.0 10.0 0.0 0.0 10.0 0.0 0.0
415 10.0 0.0 0.0 10.0 0.0 0.0 10.0 0.0 0.0 10.0 0.0 0.0
416 10.0 0.0 0.0 10.0 0.0 0.0 10.0 0.0 0.0 10.0 0.0 0.0
417 10.0 0.0 0.0 10.0 0.0 0.0 10.0 0.0 0.0 10.0 0.0 0.0
418 10.0 0.0 0.0 10.0 0.0 0.0 10.0 0.0 0.0 10.0 0.0 0.0
419 10.0 0.0 0.0 10.0 0.0 0.0 10.0 0.0 0.0 10.0 0.0 0.0
420 10.0 0.0 0.0 10.0 0.0 0.0 10.0 0.0 0.0 10.0 0.0 0.0
421 10.0 0.0 0.0 10.0 0.0 0.0 10.0 0.0 0.0 10.0 0.0 0.0
422 10.0 0.0 0.0 10.0 0.0 0.0 10.0 0.0 0.0 10.0 0.0 0.0
423 10.0 0.0 0.0 10.0 0.0 0.0 10.0 0.0 0.0 10.0 0.0 0.0
424 10.0 0.0 0.0 10.0 0.0 0.0 10.0 0.0 0.0 10.0 0.0 0.0
425 10.0 0.0 0.0 10.0 0.0 0.0 10.0 0.0 0.0 10.0 0.0 0.0
426 10.0 0.0 0.0 10.0 0.0 0.0 10.0 0.0 0.0 10.0 0.0 0.0
427 10.0 0.0 0.0 10.0 0.0 0.0 10.0 0.0 0.0 10.0 0.0 0.0
428 10.0 0.0 0.0 10.0 0.0 0.0 10.0 0.0 0.0 10.0 0.0 0.0
429 10.0 0.0 0.0 10.0 0.0 0.0 10.0 0.0 0.0 10.0 0.0 0.0
430 10.0 0.0 0.0 10.0 0.0 0.0 10.0 0.0 0.0 10.0 0.0 0.0
431 10.0 0.0 0.0 10.0 0.0 0.0 10.0 0.0 0.0 10.0 0.0 0.0
432 10.0 0.0 0.0 10.0 0.0 0.0 10.0 0.0 0.0 10.0 0.0 0.0
433 10.0 0.0 0.0 10.0 0.0 0.0 10.0 0.0 0.0 10.0 0.0 0.0
434 10.0 0.0 0.0 10.0 0.0 0.0 10.0 0.0 0.0 10.0 0.0 0.0
435 10.0 0.0 0.0 10.0 0.0 0.0 10.0 0.0 0.0 10.0 0.0 0.0
436 10.0 0.0 0.0 10.0 0.0 0.0 10.0 0.0 0.0 10.0 0.0 0.0
437 10.0 0.0 0.0 10.0 0.0 0.0 10.0 0.0 0.0 10.0 0.0 0.0
438 10.0 0.0 0.0 10.0 0.0 0.0 10.0 0.0 0.0 10.0 0.0 0.0
439 10.0 0.0 0.0 10.0 0.0 0.0 10.0 0.0 0.0 10.0 0.0 0.0
440 10.0 0.0 0.0 10.0 0.0 0.0 10.0 0.0 0.0 10.0 0.0 0.0
441 10.0 0.0 0.0 10.0 0.0 0.0 10.0 0.0 0.0 10.0 0.0 0.0
442 10.0 0.0 0.0 10.0 0.0 0.0 10.0 0.0 0.0 10.0 0.0 0.0
443 10.0 0.0 0.0 10.0 0.0 0.0 10.0 0.0 0.0 10.0 0.0 0.0
444 10.0 0.0 0.0 10.0 0.0 0.0 10.0 0.0 0.0 10.0 0.0 0.0
445 10.0 0.0 0.0 10.0 0.0 0.0 10.0 0.0 0.0 10.0 0.0 0.0
446 10.0 0.0 0.0 10.0 0.0 0.0 10.0 0.0 0.0 10.0 0.0 0.0
447 10.0 0.0 0.0 10.0 0.0 0.0 10.0 0.0 0.0 10.0 0.0 0.0
448 10.0 0.0 0.0 10.0 0.0 0.0 10.0 0.0 0.0 10.0 0.0 0.0
449 10.0 0.0 0.0 10.0 0.0 0.0 10.0 0.0 0.0 10.0 0.0 0.0
450 10.0 0.0 0.0 10.0 0.0 0.0 10.0 0.0 0.0 10.0 0.0 0.0
451 10.0 0.0 0.0 10.0 0.0 0.0 10.0 0.0 0.0 10.0 0.0 0.0
452 10.0 0.0 0.0 10.0 0.0 0.0 10.0 0.0 0.0 10.0 0.0 0.0
453 10.0 0.0 0.0 10.0 0.0 0.0 10.0 0.0 0.0 10.0 0.0 0.0
454 10.0 0.0 0.0 10.0 0.0 0.0 10.0 0.0 0.0 10.0 0.0 0.0
455 10.0 0.0 0.0 10.0 0.0 0.0 10.0 0.0 0.0 10.0 0.0 0.0
456 10.0 0.0 0.0 10.0 0.0 0.0 10.0 0.0 0.0 10.0 0.0 0.0
457 10.0 0.0 0.0 10.0 0.0 0.0 10.0 0.0 0.0 10.0 0.0 0.0
458 10.0 0.0 0.0 10.0 0.0 0.0 10.0 0.0 0.0 10.0 0.0 0.0
459 10.0 0.0 0.0 10.0 0.0 0.0 10.0 0.0 0.0 10.0 0.0 0.0
460 10.0 0.0 0.0 10.0 0.0 0.0 10.0 0.0 0.0 10.0 0.0 0.0
461 10.0 0.0 0.0 10.0 0.0 0.0 10.0 0.0 0.0 10.0 0.0 0.0
462 10.0 0.0 0.0 10.0 0.0 0.0 10.0 0.0 0.0 10.0 0.0 0.0
463 10.0 0.0 0.0 10.0 0.0 0.0 10.0 0.0 0.0 10.0 0.0 0.0
464 10.0 0.0 0.0 10.0 0.0 0.0 10.0 0.0 0.0 10.0 0.0 0.0
465 10.0 0.0 0.0 10.0 0.0 0.0 10.0 0.0 0.0 10.0 0.0 0.0
466 10.0 0.0 0.0 10.0 0.0 0.0 10.0 0.0 0.0 10.0 0.0 0.0
467 10.0 0.0 0.0 10.0 0.0 0.0 10.0 0.0 0.0 10.0 0.0 0.0
468 10.0 0.0 0.0 10.0 0.0 0.0 10.0 0.0 0.0 10.0 0.0 0.0
469 10.0 0.0 0.0 10.0 0.0 0.0 10.0 0.0 0.0 10.0 0.0 0.0
470 10.0 0.0 0.0 10.0 0.0 0.0 10.0 0.0 0.0 10.0 0.0 0.0
471 10.0 0.0 0.0 10.0 0.0 0.0 10.0 0.0 0.0 10.0 0.0 0.0
472 10.0 0.0 0.0 10.0 0.0 0.0 10.0 0.0 0.0 10.0 0.0 0.0
473 10.0 0.0 0.0 10.0 0.0 0.0 10.0 0.0 0.0 10.0 0.0 0.0
474 10.0 0.0 0.0 10.0 0.0 0.0 10.0 0.0 0.0 10.0 0.0 0.0
475 10.0 0.0 0.0 10.0 0.0 0.0 10.0 0.0 0.0 10.0 0.0 0.0
476 10.0 0.0 0.0 10.0 0.0 0.0 10.0 0.0 0.0 10.0 0.0 0.0
477 10.0 0.0 0.0 10.0 0.0 0.0 10.0 0.0 0.0 10.0 0.0 0.0
478 10.0 0.0 0.0 10.0 0.0 0.0 10.0 0.0 0.0 10.0 0.0 0.0
479 10.0 0.0 0.0 10.0 0.0 0.0 10.0 0.0 0.0 10.0 0.0 0.0
480 10.0 0.0 0.0 10.0 0.0 0.0 10.0 0.0 0.0 10.0 0.0 0.0
481 10.0 0.0 0.0 10.0 0.0 0.0 10.0 0.0 0.0 10.0 0.0 0.0
482 10.0 0.0 0.0 10.0 0.0 0.0 10.0 0.0 0.0 10.0 0.0 0.0
483 10.0 0.0 0.0 10.0 0.0 0.0 10.0 0.0 0.0 10.0 0.0 0.0
484 10.0 0.0 0.0 10.0 0.0 0.0 10.0 0.0 0.0 10.0 0.0 0.0
485 10.0 0.0 0.0 10.0 0.0 0.0 10.0 0.0 0.0 10.0 0.0 0.0
486 10.0 0.0 0.0 10.0 0.0 0.0 10.0 0.0 0.0 10.0 0.0 0.0
487 10.0 0.0 0.0 10.0 0.0 0.0 10.0 0.0 0.0 10.0 0.0 0.0
488 10.0 0.0 0.0 10.0 0.0 0.0 10.0 0.0 0.0 10.0 0.0 0.0
489 10.0 0.0 0.0 10.0 0.0 0.0 10.0 0.0 0.0 10.0 0.0 0.0
490 10.0 0.0 0.0 10.0 0.0 0.0 10.0 0.0 0.0 10.0 0.0 0.0
491 10.0 0.0 0.0 10.0 0.0 0.0 10.0 0.0 0.0 10.0 0.0 0.0
492 10.0 0.0 0.0 10.0 0.0 0.0 10.0 0.0 0.0 10.0 0.0 0.0
493 10.0 0.0 0.0 10.0 0.0 0.0 10.0 0.0 0.0 10.0 0.0 0.0
494 10.0 0.0 0.0 10.0 0.0 0.0 10.0 0.0 0.0 10.0 0.0 0.0
495 10.0 0.0 0.0 10.0 0.0 0.0 10.0 0.0 0.0 10.0 0.0 0.0
496 10.0 0.0 0.0 10.0 0.0 0.0 10.0 0.0 0.0 10.0 0.0 0.0
497 10.0 0.0 0.0 10.0 0.0 0.0 10.0 0.0 0.0 10.0 0.0 0.0
498 10.0 0.0 0.0 10.0 0.0 0.0 10.0 0.0 0.0 10.0 0.0 0.0
499 10.0 0.0 0.0 10.0 0.0 0.0 10.0 0.0 0.0 10.0 0.0 0.0
500 10.0 0.0 0.0 10.0 0.0 0.0 10.0 0.0 0.0 10.0 0.0 0.0
501 -10.0 0.0 0.0 -10.0 0.0 0.0 -10.0 0.0 0.0 -10.0 0.0 0.0
502 -10.0 0.0 0.0 -10.0 0.0 0.0 -10.0 0.0 0.0 -10.0 0.0 0.0
503 -10.0 0.0 0.0 -10.0 0.0 0.0 -10.0 0.0 0.0 -10.0 0.0 0.0
504 -10.0 0.0 0.0 -10.0 0.0 0.0 -10.0 0.0 0.0 -10.0 0.0 0.0
505 -10.0 0.0 0.0 -10.0 0.0 0.0 -10.0 0.0 0.0 -10.0 0.0 0.0
506 -10.0 0.0 0.0 -10.0 0.0 0.0 -10.0 0.0 0.0 -10.0 0.0 0.0
507 -10.0 0.0 0.0 -10.0 0.0 0.0 -10.0 0.0 0.0 -10.0 0.0 0.0
508 -10.0 0.0 0.0 -10.0 0.0 0.0 -10.0 0.0 0.0 -10.0 0.0 0.0
509 -10.0 0.0 0.0 -10.0 0.0 0.0 -10.0 0.0 0.0 -10.0 0.0 0.0
510 -10.0 0.0 0.0 -10.0 0.0 0.0 -10.0 0.0 0.0 -10.0 0.0 0.0
511 -10.0 0.0 0.0 -10.0 0.0 0.0 -10.0 0.0 0.0 -10.0 0.0 0.0
512 -10.0 0.0 0.0 -10.0 0.0 0.0 -10.0 0.0 0.0 -10.0 0.0 0.0
513 -10.0 0.0 0.0 -10.0 0.0 0.0 -10.0 0.0 0.0 -10.0 0.0 0.0
514 -10.0 0.0 0.0 -10.0 0.0 0.0 -10.0 0.0 0.0 -10.0 0.0 0.0
515 -10.0 0.0 0.0 -10.0 0.0 0.0 -10.0 0.0 0.0 -10.0 0.0 0.0
516 -10.0 0.0 0.0 -10.0 0.0 0.0 -10.0 0.0 0.0 -10.0 0.0 0.0
517 -10.0 0.0 0.0 -10.0 0.0 0.0 -10.0 0.0 0.0 -10.0 0.0 0.0
518 -10.0 0.0 0.0 -10.0 0.0 0.0 -10.0 0.0 0.0 -10.0 0.0 0.0
519 -10.0 0.0 0.0 -10.0 0.0 0.0 -10.0 0.0 0.0 -10.0 0.0 0.0
520 -10.0 0.0 0.0 -10.0 0.0 0.0 -10.0 0.0 0.0 -10.0 0.0 0.0
521 -10.0 0.0 0.0 -10.0 0.0 0.0 -10.0 0.0 0.0 -10.0 0.0 0.0
522 -10.0 0.0 0.0 -10.0 0.0 0.0 -10.0 0.0 0.0 -10.0 0.0 0.0
523 -10.0 0.0 0.0 -10.0 0.0 0.0 -10.0 0.0 0.0 -10.0 0.0 0.0
524 -10.0 0.0 0.0 -10.0 0.0 0.0 -10.0 0.0 0.0 -10.0 0.0 0.0
525 -10.0 0.0 0.0 -10.0 0.0 0.0 -10.0 0.0 0.0 -10.0 0.0 0.0
526 -10.0 0.0 0.0 -10.0 0.0 0.0 -10.0 0.0 0.0 -10.0 0.0 0.0
527 -10.0 0.0 0.0 -10.0 0.0 0.0 -10.0 0.0 0.0 -10.0 0.0 0.0
528 -10.0 0.0 0.0 -10.0 0.0 0.0 -10.0 0.0 0.0 -10.0 0.0 0.0
529 -10.0 0.0 0.0 -10.0 0.0 0.0 -10.0 0.0 0.0 -10.0 0.0 0.0
530 -10.0 0.0 0.0 -10.0 0.0 0.0 -10.0 0.0 0.0 -10.0 0.0 0.0
531 -10.0 0.0 0.0 -10.0 0.0 0.0 -10.0 0.0 0.0 -10.0 0.0 0.0
532 -10.0 0.0 0.0 -10.0 0.0 0.0 -10.0 0.0 0.0 -10.0 0.0 0.0
533 -10.0 0.0 0.0 -10.0 0.0 0.0 -10.0 0.0 0.0 -10.0 0.0 0.0
534 -10.0 0.0 0.0 -10.0 0.0 0.0 -10.0 0.0 0.0 -10.0 0.0 0.0
535 -10.0 0.0 0.0 -10.0 0.0 0.0 -10.0 0.0 0.0 -10.0 0.0 0.0
536 -10.0 0.0 0.0 -10.0 0.0 0.0 -10.0 0.0 0.0 -10.0 0.0 0.0
537 -10.0 0.0 0.0 -10.0 0.0 0.0 -10.0 0.0 0.0 -10.0 0.0 0.0
538 -10.0 0.0 0.0 -10.0 0.0 0.0 -10.0 0.0 0.0 -10.0 0.0 0.0
539 -10.0 0.0 0.0 -10.0 0.0 0.0 -10.0 0.0 0.0 -10.0 0.0 0.0
540 -10.0 0.0 0.0 -10.0 0.0 0.0 -10.0 0.0 0.0 -10.0 0.0 0.0
541 -10.0 0.0 0.0 -10.0 0.0 0.0 -10.0 0.0 0.0 -10.0 0.0 0.0
542 -10.0 0.0 0.0 -10.0 0.0 0.0 -10.0 0.0 0.0 -10.0 0.0 0.0
543 -10.0 0.0 0.0 -10.0 0.0 0.0 -10.0 0.0 0.0 -10.0 0.0 0.0
544 -10.0 0.0 0.0 -10.0 0.0 0.0 -10.0 0.0 0.0 -10.0 0.0 0.0
545 -10.0 0.0 0.0 -10.0 0.0 0.0 -10.0 0.0 0.0 -10.0 0.0 0.0
546 -10.0 0.0 0.0 -10.0 0.0 0.0 -10.0 0.0 0.0 -10.0 0.0 0.0
547 -10.0 0.0 0.0 -10.0 0.0 0.0 -10.0 0.0 0.0 -10.0 0.0 0.0
548 -10.0 0.0 0.0 -10.0 0.0 0.0 -10.0 0.0 0.0 -10.0 0.0 0.0
549 -10.0 0.0 0.0 -10.0 0.0 0.0 -10.0 0.0 0.0 -10.0 0.0 0.0
550 -10.0 0.0 0.0 -10.0 0.0 0.0 -10.0 0.0 0.0 -10.0 0.0 0.0
551 -10.0 0.0 0.0 -10.0 0.0 0.0 -10.0 0.0 0.0 -10.0 0.0 0.0
552 -10.0 0.0 0.0 -10.0 0.0 0.0 -10.0 0.0 0.0 -10.0 0.0 0.0
553 -10.0 0.0 0.0 -10.0 0.0 0.0 -10.0 0.0 0.0 -10.0 0.0 0.0
554 -10.0 0.0 0.0 -10.0 0.0 0.0 -10.0 0.0 0.0 -10.0 0.0 0.0
555 -10.0 0.0 0.0 -10.0 0.0 0.0 -10.0 0.0 0.0 -10.0 0.0 0.0
556 -10.0 0.0 0.0 -10.0 0.0 0.0 -10.0 0.0 0.0 -10.0 0.0 0.0
557 -10.0 0.0 0.0 -10.0 0.0 0.0 -10.0 0.0 0.0 -10.0 0.0 0.0
558 -10.0 0.0 0.0 -10.0 0.0 0.0 -10.0 0.0 0.0 -10.0 0.0 0.0
559 -10.0 0.0 0.0 -10.0 0.0 0.0 -10.0 0.0 0.0 -10.0 0.0 0.0
560 -10.0 0.0 0.0 -10.0 0.0 0.0 -10.0 0.0 0.0 -10.0 0.0 0.0
561 -10.0 0.0 0.0 -10.0 0.0 0.0 -10.0 0.0 0.0 -10.0 0.0 0.0
562 -10.0 0.0 0.0 -10.0 0.0 0.0 -10.0 0.0 0.0 -10.0 0.0 0.0
563 -10.0 0.0 0.0 -10.0 0.0 0.0 -10.0 0.0 0.0 -10.0 0.0 0.0
564 -10.0 0.0 0.0 -10.0 0.0 0.0 -10.0 0.0 0.0 -10.0 0.0 0.0
565 -10.0 0.0 0.0 -10.0 0.0 0.0 -10.0 0.0 0.0 -10.0 0.0 0.0
566 -10.0 0.0 0.0 -10.0 0.0 0.0 -10.0 0.0 0.0 -10.0 0.0 0.0
567 -10.0 0.0 0.0 -10.0 0.0 0.0 -10.0 0.0 0.0 -10.0 0.0 0.0
568 -10.0 0.0 0.0 -10.0 0.0 0.0 -10.0 0.0 0.0 -10.0 0.0 0.0
569 -10.0 0.0 0.0 -10.0 0.0 0.0 -10.0 0.0 0.0 -10.0 0.0 0.0
570 -10.0 0.0 0.0 -10.0 0.0 0.0 -10.0 0.0 0.0 -10.0 0.0 0.0
571 -10.0 0.0 0.0 -10.0 0.0 0.0 -10.0 0.0 0.0 -10.0 0.0 0.0
572 -10.0 0.0 0.0 -10.0 0.0 0.0 -10.0 0.0 0.0 -10.0 0.0 0.0
573 -10.0 0.0 0.0 -10.0 0.0 0.0 -10.0 0.0 0.0 -10.0 0.0 0.0
574 -10.0 0.0 0.0 -10.0 0.0 0.0 -10.0 0.0 0.0 -10.0 0.0 0.0
575 -10.0 0.0 0.0 -10.0 0.0 0.0 -10.0 0.0 0.0 -10.0 0.0 0.0
576 -10.0 0.0 0.0 -10.0 0.0 0.0 -10.0 0.0 0.0 -10.0 0.0 0.0
577 -10.0 0.0 0.0 -10.0 0.0 0.0 -10.0 0.0 0.0 -10.0 0.0 0.0
578 -10.0 0.0 0.0 -10.0 0.0 0.0 -10.0 0.0 0.0 -10.0 0.0 0.0
579 -10.0 0.0 0.0 -10.0 0.0 0.0 -10.0 0.0 0.0 -10.0 0.0 0.0
580 -10.0 0.0 0.0 -10.0 0.0 0.0 -10.0 0.0 0.0 -10.0 0.0 0.0
581 -10.0 0.0 0.0 -10.0 0.0 0.0 -10.0 0.0 0.0 -10.0 0.0 0.0
582 -10.0 0.0 0.0 -10.0 0.0 0.0 -10.0 0.0 0.0 -10.0 0.0 0.0
583 -10.0 0.0 0.0 -10.0 0.0 0.0 -10.0 0.0 0.0 -10.0 0.0 0.0
584 -10.0 0.0 0.0 -10.0 0.0 0.0 -10.0 0.0 0.0 -10.0 0.0 0.0
585 -10.0 0.0 0.0 -10.0 0.0 0.0 -10.0 0.0 0.0 -10.0 0.0 0.0
586 -10.0 0.0 0.0 -10.0 0.0 0.0 -10.0 0.0 0.0 -10.0 0.0 0.0
587 -10.0 0.0 0.0 -10.0 0.0 0.0 -10.0 0.0 0.0 -10.0 0.0 0.0
588 -10.0 0.0 0.0 -10.0 0.0 0.0 -10.0 0.0 0.0 -10.0 0.0 0.0
589 -10.0 0.0 0.0 -10.0 0.0 0.0 -10.0 0.0 0.0 -10.0 0.0 0.0
590 -10.0 0.0 0.0 -10.0 0.0 0.0 -10.0 0.0 0.0 -10.0 0.0 0.0
591 -10.0 0.0 0.0 -10.0 0.0 0.0 -10.0 0.0 0.0 -10.0 0.0 0.0
592 -10.0 0.0 0.0 -10.0 0.0 0.0 -10.0 0.0 0.0 -10.0 0.0 0.0
593 -10.0 0.0 0.0 -10.0 0.0 0.0 -10.0 0.0 0.0 -10.0 0.0 0.0
594 -10.0 0.0 0.0 -10.0 0.0 0.0 -10.0 0.0 0.0 -10.0 0.0 0.0
595 -10.0 0.0 0.0 -10.0 0.0 0.0 -10.0 0.0 0.0 -10.0 0.0 0.0
596 -10.0 0.0 0.0 -10.0 0.0 0.0 -10.0 0.0 0.0 -10.0 0.0 0.0
597 -10.0 0.0 0.0 -10.0 0.0 0.0 -10.0 0.0 0.0 -10.0 0.0 0.0
598 -10.0 0.0 0.0 -10.0 0.0 0.0 -10.0 0.0 0.0 -10.0 0.0 0.0
599 -10.0 0.0 0.0 -10.0 0.0 0.0 -10.0 0.0 0.0 -10.0 0.0 0.0
600 -10.0 0.0 0.0 -10.0 0.0 0.0 -10.0 0.0 0.0 -10.0 0.0 0.0

