The number of iterations to convergence was     11
The total load is                              0.2500E+03
 This analysis took    1.20009999999999978E-2
 

  Node Nodal Temp
    1  0.8048E+00
    2  0.6571E+00
    3  0.6512E+00
    4  0.6571E+00
    5  0.4720E-04
    6 -0.1723E-04
    7  0.1810E-03
    8 -0.1723E-04
    9  0.3000E-01
   10  0.1500E-01
   11  0.1500E-01
   12  0.1500E-01
   13 -0.5802E-06
   14  0.3000E-06
   15 -0.4832E-06
   16  0.3000E-06
   17  0.5668-316
   18 -0.4066E-06
   19  0.0000E+00
   20  0.0000E+00
   21  0.5668-316
   22 -0.1544E-05
   23 -0.1372E-05
   24  0.0000E+00
   25  0.5668-316
   26  0.0000E+00
   27  0.0000E+00
   28  0.0000E+00
   29  0.5668-316
   30  0.0000E+00
   31  0.0000E+00
   32  0.0000E+00
   33  0.5668-316
   34  0.0000E+00
   35  0.0000E+00
   36  0.0000E+00
   37  0.5668-316
   38  0.0000E+00
   39  0.0000E+00
   40  0.0000E+00
   41  0.5668-316
   42  0.0000E+00
   43  0.0000E+00
   44  0.0000E+00
   45  0.5668-316
   46  0.0000E+00
   47  0.0000E+00
   48  0.0000E+00
   49  0.5668-316
   50  0.0000E+00
   51  0.0000E+00
   52  0.0000E+00
   53  0.5668-316
   54  0.0000E+00
   55  0.0000E+00
   56  0.0000E+00
   57  0.5668-316
   58  0.0000E+00
   59  0.0000E+00
   60  0.0000E+00
   61  0.0000E+00
   62  0.0000E+00
   63  0.0000E+00
   64  0.0000E+00
   65  0.5668-316
   66  0.0000E+00
   67  0.0000E+00
   68  0.0000E+00
   69  0.5668-316
   70  0.0000E+00
   71  0.0000E+00
   72  0.0000E+00
   73  0.5668-316
   74  0.0000E+00
   75  0.0000E+00
   76  0.0000E+00
   77  0.5668-316
   78  0.0000E+00
   79  0.0000E+00
   80  0.0000E+00
   81  0.5668-316
   82  0.0000E+00
   83  0.0000E+00
   84  0.0000E+00
   85  0.5668-316
   86  0.0000E+00
   87  0.0000E+00
   88  0.0000E+00
   89  0.5668-316
   90  0.0000E+00
   91  0.0000E+00
   92  0.0000E+00
   93  0.5668-316
   94  0.0000E+00
   95  0.0000E+00
   96  0.0000E+00
   97  0.5668-316
   98  0.0000E+00
   99  0.0000E+00
  100  0.0000E+00
  101  0.5668-316
  102  0.0000E+00
  103  0.0000E+00
  104  0.0000E+00
  105  0.5668-316
  106  0.0000E+00
  107  0.0000E+00
  108  0.0000E+00
  109  0.5668-316
  110  0.0000E+00
  111  0.0000E+00
  112  0.0000E+00
  113  0.5668-316
  114  0.0000E+00
  115  0.0000E+00
  116  0.0000E+00
  117  0.5668-316
  118  0.0000E+00
  119  0.0000E+00
  120  0.0000E+00
  121  0.5668-316
  122  0.0000E+00
  123  0.0000E+00
  124  0.0000E+00
  125  0.5668-316
